,ctx-lh-bankssts,ctx-lh-caudalanteriorcingulate,ctx-lh-caudalmiddlefrontal,ctx-lh-cuneus,ctx-lh-entorhinal,ctx-lh-fusiform,ctx-lh-inferiorparietal,ctx-lh-inferiortemporal,ctx-lh-isthmuscingulate,ctx-lh-lateraloccipital,ctx-lh-lateralorbitofrontal,ctx-lh-lingual,ctx-lh-medialorbitofrontal,ctx-lh-middletemporal,ctx-lh-parahippocampal,ctx-lh-paracentral,ctx-lh-parsopercularis,ctx-lh-parsorbitalis,ctx-lh-parstriangularis,ctx-lh-pericalcarine,ctx-lh-postcentral,ctx-lh-posteriorcingulate,ctx-lh-precentral,ctx-lh-precuneus,ctx-lh-rostralanteriorcingulate,ctx-lh-rostralmiddlefrontal,ctx-lh-superiorfrontal,ctx-lh-superiorparietal,ctx-lh-superiortemporal,ctx-lh-supramarginal,ctx-lh-frontalpole,ctx-lh-temporalpole,ctx-lh-transversetemporal,ctx-lh-insula,ctx-rh-bankssts,ctx-rh-caudalanteriorcingulate,ctx-rh-caudalmiddlefrontal,ctx-rh-cuneus,ctx-rh-entorhinal,ctx-rh-fusiform,ctx-rh-inferiorparietal,ctx-rh-inferiortemporal,ctx-rh-isthmuscingulate,ctx-rh-lateraloccipital,ctx-rh-lateralorbitofrontal,ctx-rh-lingual,ctx-rh-medialorbitofrontal,ctx-rh-middletemporal,ctx-rh-parahippocampal,ctx-rh-paracentral,ctx-rh-parsopercularis,ctx-rh-parsorbitalis,ctx-rh-parstriangularis,ctx-rh-pericalcarine,ctx-rh-postcentral,ctx-rh-posteriorcingulate,ctx-rh-precentral,ctx-rh-precuneus,ctx-rh-rostralanteriorcingulate,ctx-rh-rostralmiddlefrontal,ctx-rh-superiorfrontal,ctx-rh-superiorparietal,ctx-rh-superiortemporal,ctx-rh-supramarginal,ctx-rh-frontalpole,ctx-rh-temporalpole,ctx-rh-transversetemporal,ctx-rh-insula
ctx-lh-bankssts,0,0.66667,95.458,7.4167,0.20833,35.083,2271.1,368.42,23.375,70.958,14.125,13.583,1.7917,4004.5,1.875,1.75,206.04,7.6667,39.375,13.375,48.292,3.5833,258.12,53.958,0.25,75.875,32.292,118.62,3036.8,1703.3,0.41667,4.2917,42.167,86.083,0.66667,0.5,2.125,0.33333,0,0.54167,3.7917,0.91667,4.125,0.875,0.16667,0.5,0.16667,2.125,0.083333,2.9167,0.79167,0.083333,0.29167,0.625,2.875,2,1.3333,23.958,0,2.0417,5.6667,26.625,5.5833,4.1667,0.041667,0,0.58333,2.25
ctx-lh-caudalanteriorcingulate,0.66667,0,49.833,0.29167,1.3333,1.5417,3.9583,3.2083,287.46,1.2083,85.208,2.25,428.08,4.4167,13.167,54.542,125.83,10.917,50.042,0.5,5.8333,1039.1,24.875,400.33,1553.6,281.21,4790,18.375,5.125,3.875,39.417,1.5,0.70833,67.667,0.45833,79.333,41.917,0.16667,0.041667,0.125,2.5,0.5,2.0417,0.41667,18.083,0.125,126.75,1.125,0,5.4167,30.125,4.5417,14.417,0,2.5417,14.833,20.25,5.625,16.458,139.25,440.92,3.3333,0.70833,1.625,29.167,0.20833,0.16667,6.7083
ctx-lh-caudalmiddlefrontal,95.458,49.833,0,6.8333,0.95833,126.83,1043.1,539.29,11.958,102,25.125,6.6667,2.4167,441.12,2.5833,21.625,4053.6,25.917,217.75,5.125,675.71,18.417,7999,127.96,1.625,7405.5,9549.6,580.5,122.62,435.12,2,2.875,7.4167,192.46,3.5417,74.667,527.04,0.5,0.083333,0.79167,29.167,8.25,3.0417,1.3333,2,0.54167,1.9583,15.167,0.25,35.375,179.58,5.375,31,0.20833,14.333,48.417,303.67,42.083,1.7917,232.42,1255.9,32.75,5.2083,14.667,0.91667,0,0.95833,22.958
ctx-lh-cuneus,7.4167,0.29167,6.8333,0,10.333,190.29,154.17,74.458,487.83,3025.9,5.375,1616.5,1.625,54.792,94.625,0.58333,2.2083,0.83333,0.5,12660,1.3333,1.625,3.7917,2822.2,0.125,6.1667,6.75,5611,80.5,4.5,0.20833,3.4583,5.375,39.083,0.79167,0.083333,0.29167,94.5,1.125,34.625,37.875,20.167,64.25,187.79,0.70833,81,0.20833,10.792,8.6667,0.875,0.125,0.16667,0.041667,96.625,0.5,0.95833,0.95833,173.88,0,0.25,2.1667,218.88,10.708,1.5417,0.041667,0.20833,0.95833,8.4167
ctx-lh-entorhinal,0.20833,1.3333,0.95833,10.333,0,375,9.2917,14.958,60.333,19.292,4.5,52.75,2.4583,2.4583,708.21,0.041667,0.625,0.625,0.33333,12.125,0.54167,3.0417,0.95833,50.708,0.375,1.4167,4.4583,18.083,25.792,1.2917,0.25,316.79,0.29167,218.54,0.041667,0.041667,0,2.1667,0.125,0.91667,0.45833,0.33333,1.375,3.4167,0.083333,3.0833,0.20833,0.33333,0.54167,0.25,0.041667,0.041667,0,2.125,0,0.041667,0.041667,3.1667,0,0.083333,0.16667,4.4583,0.29167,0.083333,0,0,0,0.20833
ctx-lh-fusiform,35.083,1.5417,126.83,190.29,375,0,1695.8,4757.9,231.25,8627.8,39.5,4953.6,24.958,346.75,1211.1,0.58333,54.25,6.625,15.417,602.29,33.625,3.5,110.38,235.88,1.0833,84.625,32,1163,195.62,71.458,1.7917,299.54,6.7917,163.54,1.9583,0.58333,2.5417,39.917,0.91667,23.125,41.458,22.375,32.125,89,1.5833,51.125,0.58333,13.25,6.9583,1.375,0.79167,0.20833,0.083333,45.958,1.375,1.6667,2.875,142,0.083333,1.7083,7.0417,154.08,15.875,4.1667,0.083333,0.875,1.6667,9.4167
ctx-lh-inferiorparietal,2271.1,3.9583,1043.1,154.17,9.2917,1695.8,0,3236.7,250.04,6617.3,30.417,137.12,7.6667,5106.5,46.583,11.125,317.5,11.75,51.625,88.375,568.54,16.708,1246.1,1085.7,0.70833,469.96,316.46,17466,990.25,6177.7,1.75,17.833,116.08,310.92,4.875,3.4167,19.5,21.583,0.41667,15.917,72.417,24,49.125,54.875,2,20.75,0.29167,22.583,2.7083,19.708,5.9583,0.625,1.125,24.875,12.875,11.667,34.542,227.79,0.125,9.5833,63.708,276.04,39.625,26.708,0,0.5,4.4583,22.333
ctx-lh-inferiortemporal,368.42,3.2083,539.29,74.458,14.958,4757.9,3236.7,0,134.71,3133.6,57.583,644.17,25,5640.5,96.333,2.125,438.83,21.125,99.417,278.04,128.67,5.6667,648.62,229.79,1.2917,380.12,102.54,575.21,367,747.58,1.8333,312.54,13.75,169.46,3.25,1.25,8.5417,9.4583,0.25,14,53.125,33.042,31.708,37.75,3.25,16.75,0.625,21.25,1.7917,4.9583,2.125,0.20833,0.58333,15.5,4.375,4.2917,6.6667,176.21,0.45833,6.5417,25.958,175.12,26.792,14.125,0.29167,0.79167,2.5833,17
ctx-lh-isthmuscingulate,23.375,287.46,11.958,487.83,60.333,231.25,250.04,134.71,0,417.21,19.292,809.12,56.708,74.292,670.33,54.292,31.5,4.9583,11.25,439.96,29.333,1671.7,29.5,7999.3,117.5,60.708,809.83,1081.5,172.29,174.08,10.292,8.5,33.833,72.25,7.0417,5.875,7.1667,65,1.0833,25.458,87.542,26.042,257,105.62,6.1667,60.708,25.417,29.25,11.583,36.125,3.7083,1.125,2.5833,64.833,18.708,46.417,14.292,500.71,3.9167,22,54.125,370.75,59.292,53.292,4.7083,0.70833,5.625,23.458
ctx-lh-lateraloccipital,70.958,1.2083,102,3025.9,19.292,8627.8,6617.3,3133.6,417.21,0,40.667,4809,13.583,1414.8,107.25,1.0417,32.292,7.875,8.1667,8130.3,34,2.625,86.833,509.46,0.625,61.958,34.167,6939.4,611.5,52.208,1.6667,30.833,16.542,270.62,3.125,0.625,2.25,173.42,2.2917,75.542,99.292,60.25,94.542,458.46,2.7917,162,0.58333,35,14.542,1.6667,0.58333,0.375,0.083333,199.62,1.25,2.3333,3.75,441,0.125,1.6667,9.25,497.54,40.458,6.1667,0.125,1.75,3.4583,24.5
ctx-lh-lateralorbitofrontal,14.125,85.208,25.125,5.375,4.5,39.5,30.417,57.583,19.292,40.667,0,55.417,966.75,133.62,6.375,5.5,373.04,2609.2,1702,17.625,37.833,24.917,82.667,24.958,189.17,1877.7,463.5,25.667,214.12,29.958,211.21,87.125,4.2917,2215.9,0.375,26.542,4.8333,0.375,0.041667,0.41667,2.1667,0.79167,6.3333,0.5,58.208,0.58333,283.71,1.125,0.41667,2.25,3.4167,14.333,5.375,0.45833,1.0417,7.5833,3.3333,10.875,39,149.08,176.42,6.75,1.4583,0.95833,69.417,0.29167,0.125,8.875
ctx-lh-lingual,13.583,2.25,6.6667,1616.5,52.75,4953.6,137.12,644.17,809.12,4809,55.417,0,24.833,331.04,929.75,0.29167,5.9583,8.7917,4.25,8479.2,1.7083,5.125,6.2917,1077.9,1.7083,20.917,15,916.54,266.58,11.708,3.125,43.583,2.5417,187.33,0.83333,0.375,0.25,100.83,3.125,46.375,40.25,25.375,61.917,198.29,1.375,137.29,0.83333,15.125,19.875,0.83333,0.083333,0.29167,0.29167,116.33,0.66667,0.75,1.125,194.54,0.20833,1.5,3,222.75,15.292,2.6667,0.25,0.95833,1.375,9.875
ctx-lh-medialorbitofrontal,1.7917,428.08,2.4167,1.625,2.4583,24.958,7.6667,25,56.708,13.583,966.75,24.833,0,37.792,6.2083,1.2917,4.7083,31.583,11,8.5833,0.70833,104.5,3.0833,45.125,1752.2,185.17,2044.5,10.5,63.708,2.7917,522.33,56.75,0.16667,424,0.375,78.292,0.79167,0.16667,0.083333,0.45833,2,1.2083,15,0.75,157.08,0.83333,1111,1.8333,1.2083,0.75,1.8333,31.083,9,0.54167,0.58333,19.375,1.25,13.125,176.42,290.33,413.75,4.2083,3.125,1.1667,200.33,0.95833,0.083333,22.917
ctx-lh-middletemporal,4004.5,4.4167,441.12,54.792,2.4583,346.75,5106.5,5640.5,74.292,1414.8,133.62,331.04,37.792,0,24,3.125,571.12,39.167,128.67,171.79,138.21,8.0417,736.62,154.08,2.25,342.29,114.88,439.38,3746.9,2003.9,4.5833,164.83,27.083,376.75,2.125,1.2083,6.75,3.7083,0.041667,3.625,23.75,9.25,16.333,9.875,0.70833,4.9583,1.7917,8.9167,0.83333,5.9167,1.75,0.5,0.83333,4.25,6.7083,6.2917,6.0833,79.958,0.41667,7.625,26.542,90.875,16.042,13.625,0.45833,0.20833,2.0417,8.375
ctx-lh-parahippocampal,1.875,13.167,2.5833,94.625,708.21,1211.1,46.583,96.333,670.33,107.25,6.375,929.75,6.2083,24,0,0.29167,2.2083,1.1667,1,112.54,0.75,34.125,3.0417,521,4.5,6.375,43.792,158.46,24.75,5.9583,0.75,56.917,2.8333,71.75,0.375,0.083333,0.29167,12.958,0.5,6.8333,7.4167,3.125,11.583,18.375,0.70833,17.583,1,3.9167,4.0833,0.75,0.16667,0.16667,0.125,13.5,0.95833,0.91667,0.45833,28.167,0.25,1.2917,2.5,35.375,4.2917,2.2083,0.29167,0.083333,0.16667,1.8333
ctx-lh-paracentral,1.75,54.542,21.625,0.58333,0.041667,0.58333,11.125,2.125,54.292,1.0417,5.5,0.29167,1.2917,3.125,0.29167,0,52.25,2.3333,14.125,0.20833,2070.2,2295.2,3114.9,1788,2.6667,52.792,2757.8,756.46,11.75,85.708,0.41667,0.083333,4.7917,40.875,3.75,7.75,40.292,0.083333,0.041667,0.91667,16.083,2.6667,6.4167,1.0833,0.41667,0.54167,0.125,5.3333,0.58333,1218.6,12.417,0.83333,3.1667,0.375,256.04,382.12,995.42,177.12,0.41667,13.708,384.58,143.79,22.875,92.833,0.041667,0.083333,4.3333,18.958
ctx-lh-parsopercularis,206.04,125.83,4053.6,2.2083,0.625,54.25,317.5,438.83,31.5,32.292,373.04,5.9583,4.7083,571.12,2.2083,52.25,0,244.88,3892.1,3.75,470.46,64.417,4827.2,144.12,5.25,3674.2,3482.5,215.96,548.29,1026.3,3.8333,4.1667,51.583,1894.2,1.2083,60.333,195.04,0.041667,0.041667,0.16667,8.4167,2.5417,3.5,0.41667,1.8333,0.16667,2.9167,3.6667,0.083333,24.292,87.208,4.7083,32.292,0.25,11.542,29.333,104.71,22.667,3,215.38,704.83,18.708,3,9.5,2.375,0,0.375,12.208
ctx-lh-parsorbitalis,7.6667,10.917,25.917,0.83333,0.625,6.625,11.75,21.125,4.9583,7.875,2609.2,8.7917,31.583,39.167,1.1667,2.3333,244.88,0,1803.8,3.4167,14.042,4.4583,34.792,7.75,26.125,1877.9,277.92,6.7917,47.417,23.583,34.542,10,3.3333,269,0.125,5.5833,4.2083,0,0,0,0.75,0.083333,1.1667,0.083333,12.875,0.16667,63.208,0.16667,0.125,1.0417,2.5833,15.292,8.0833,0,0.29167,1.8333,2.125,2.0417,8.4583,146.38,141.71,1.125,0.41667,0.33333,30.625,0,0,1.75
ctx-lh-parstriangularis,39.375,50.042,217.75,0.5,0.33333,15.417,51.625,99.417,11.25,8.1667,1702,4.25,11,128.67,1,14.125,3892.1,1803.8,0,1.7917,75.625,15.917,237.5,29.958,31.208,4432,1067,30.958,137.29,140.5,12.583,3,13.708,1091.5,0.41667,21.25,31.833,0,0,0.041667,2,0.58333,1.2917,0.16667,6.2083,0,17.667,1.3333,0.083333,5.0417,24.083,14.75,37.375,0.083333,2.7083,4.5,12.542,4.7917,11.542,267.88,353.25,3.875,1.1667,3.4167,13.167,0,0.083333,6.0417
ctx-lh-pericalcarine,13.375,0.5,5.125,12660,12.125,602.29,88.375,278.04,439.96,8130.3,17.625,8479.2,8.5833,171.79,112.54,0.20833,3.75,3.4167,1.7917,0,1.5,1.0833,5.5833,897.54,0.29167,8.25,5.8333,2748.1,162.33,7.4583,0.79167,11.708,2.75,82.292,1.7083,0.29167,0.375,162.92,2.0833,57.167,75.542,39.458,85.417,336.96,1.8333,139.54,0.5,22.792,16.125,0.66667,0.25,0.375,0.29167,162.38,0.54167,1.1667,1.4167,320.29,0.041667,0.91667,2.375,395.5,20.125,2.875,0.20833,1.25,1.9167,13.417
ctx-lh-postcentral,48.292,5.8333,675.71,1.3333,0.54167,33.625,568.54,128.67,29.333,34,37.833,1.7083,0.70833,138.21,0.75,2070.2,470.46,14.042,75.625,1.5,0,132.04,18500,196.46,0.41667,155.38,605.67,5317.8,198.5,7502,0.41667,1,100.96,2033.5,6.7083,3.0417,14.958,0.41667,0.041667,0.45833,19.958,3.6667,10.583,1.9583,0.375,0.79167,0.29167,10.208,0.58333,280.83,6.75,0.41667,2.2917,0.70833,226.12,83.5,194.25,176.04,0.083333,8.125,81.25,184.54,49.5,159,0.125,0.041667,10.375,22.458
ctx-lh-posteriorcingulate,3.5833,1039.1,18.417,1.625,3.0417,3.5,16.708,5.6667,1671.7,2.625,24.917,5.125,104.5,8.0417,34.125,2295.2,64.417,4.4583,15.917,1.0833,132.04,0,247.04,4127.8,249.25,93.708,2976.6,230.25,22.708,81.542,14.5,1.3333,6.0833,39.208,2,12.833,31.167,0.70833,0,0.75,8.875,1.4167,13,1.125,5.9583,0.33333,41.083,3.7917,0.33333,342.92,10.792,1.1667,3.3333,0.58333,63.458,229.42,201.29,121.71,4.5833,36.417,326.46,79.083,13.792,38.458,9.7083,0.041667,2.7083,12.042
ctx-lh-precentral,258.12,24.875,7999,3.7917,0.95833,110.38,1246.1,648.62,29.5,86.833,82.667,6.2917,3.0833,736.62,3.0417,3114.9,4827.2,34.792,237.5,5.5833,18500,247.04,0,302.25,1.25,1071.3,7918.7,2001,485.79,2710.5,1.2917,4,62.75,2067,3.0417,19.833,244.96,0.375,0.041667,1.25,37.375,5.7917,5.2917,2.2917,1.25,1.0417,0.54167,10.083,0.25,922.08,46.792,2.4583,8.125,0.625,214.25,223.5,1529.3,142.42,1.0417,48.667,1210.8,138.96,14.083,58.875,0.375,0.083333,2.5833,26.958
ctx-lh-precuneus,53.958,400.33,127.96,2822.2,50.708,235.88,1085.7,229.79,7999.3,509.46,24.958,1077.9,45.125,154.08,521,1788,144.12,7.75,29.958,897.54,196.46,4127.8,302.25,0,92,240,2409.1,6231.3,462.62,484.04,7.5417,11,122.08,218.12,34.208,15.792,53.792,132.17,1.3333,82.25,363.33,130.71,354.54,319.21,13.625,126.29,17.75,125.42,17.5,225.12,21,3.4583,6.5417,147,151.67,192.92,173.88,1304.5,2.5833,46.125,234.75,1279,256.62,270.25,3.75,2.875,29.5,125.92
ctx-lh-rostralanteriorcingulate,0.25,1553.6,1.625,0.125,0.375,1.0833,0.70833,1.2917,117.5,0.625,189.17,1.7083,1752.2,2.25,4.5,2.6667,5.25,26.125,31.208,0.29167,0.41667,249.25,1.25,92,0,231.33,2895.2,2.75,2.5417,0.45833,63.125,1.25,0.083333,53.958,0.041667,24.792,1.8333,0.083333,0,0,0.375,0.20833,2.6667,0.16667,35.667,0.083333,260.04,0.41667,0.20833,0.45833,3.125,11.417,12.375,0.041667,0.25,4.125,0.875,2.5,62.625,206.29,278.42,0.79167,0.70833,0.625,59.292,0.29167,0,6.9167
ctx-lh-rostralmiddlefrontal,75.875,281.21,7405.5,6.1667,1.4167,84.625,469.96,380.12,60.708,61.958,1877.7,20.917,185.17,342.29,6.375,52.792,3674.2,1877.9,4432,8.25,155.38,93.708,1071.3,240,231.33,0,12188,243,215.33,299,310.5,21.708,13.958,727.62,3.2083,217.08,280.08,0.16667,0.125,0.79167,23.458,5.625,18.042,0.95833,85.708,0.66667,419.83,11.583,0.58333,20.708,240.25,144.62,309.58,0.45833,13.083,29.083,68.667,36.208,154.21,2405.7,3195,18.25,9.0417,21.75,192.08,0.54167,1,47.417
ctx-lh-superiorfrontal,32.292,4790,9549.6,6.75,4.4583,32,316.46,102.54,809.83,34.167,463.5,15,2044.5,114.88,43.792,2757.8,3482.5,277.92,1067,5.8333,605.67,2976.6,7918.7,2409.1,2895.2,12188,0,1550.7,107.38,151.33,638.92,9,15.167,1082,10.875,743.88,1281.9,1.4583,0.125,3.0417,96.042,24.792,28.542,4.875,91.417,1.7917,557.21,41.25,0.91667,473.88,670.08,133.42,409.33,1.0833,98.208,468.67,1536.7,186.62,220.29,3164.2,8424.2,140.79,20.708,59.375,227.79,0.625,2.3333,128.75
ctx-lh-superiorparietal,118.62,18.375,580.5,5611,18.083,1163,17466,575.21,1081.5,6939.4,25.667,916.54,10.5,439.38,158.46,756.46,215.96,6.7917,30.958,2748.1,5317.8,230.25,2001,6231.3,2.75,243,1550.7,0,1021.2,6755.1,1.3333,13.75,314.08,821,26.208,7.375,37.625,164.17,2,80,307.21,101.25,239.88,395.21,8.8333,145.92,1.1667,101.62,16.208,145.75,15.625,2.3333,3.25,185.25,124.5,86.333,130.96,1056.4,0.58333,16.792,149.25,1155.8,215,253.79,0.20833,2.4583,25.458,91.917
ctx-lh-superiortemporal,3036.8,5.125,122.62,80.5,25.792,195.62,990.25,367,172.29,611.5,214.12,266.58,63.708,3746.9,24.75,11.75,548.29,47.417,137.29,162.33,198.5,22.708,485.79,462.62,2.5417,215.33,107.38,1021.2,0,4418.8,8.5417,365.5,3297.5,1908.5,6.25,1.2083,5.0417,5.2083,0.16667,5.8333,43.083,12.292,37.958,15.458,1.2083,7.375,1.875,17.75,1.1667,22.833,1.8333,0.29167,1,6.25,34.125,16.5,9.0833,193.25,0.375,7.9583,20.917,198.75,48.75,51.458,0.70833,0.25,6.6667,20.917
ctx-lh-supramarginal,1703.3,3.875,435.12,4.5,1.2917,71.458,6177.7,747.58,174.08,52.208,29.958,11.708,2.7917,2003.9,5.9583,85.708,1026.3,23.583,140.5,7.4583,7502,81.542,2710.5,484.04,0.45833,299,151.33,6755.1,4418.8,0,0.79167,6.7083,702.67,1942,7.4583,1.9583,11.542,1.0417,0.083333,2.3333,37.292,7.7917,38,5.2917,1.0833,2.2083,0.20833,19.375,0.875,92.375,5.2083,0.79167,2.2083,1.9167,111.29,42.042,46.417,256.08,0.16667,9.5417,37.917,301.17,64.5,128.25,0.20833,0.125,9.9583,31.417
ctx-lh-frontalpole,0.41667,39.417,2,0.20833,0.25,1.7917,1.75,1.8333,10.292,1.6667,211.21,3.125,522.33,4.5833,0.75,0.41667,3.8333,34.542,12.583,0.79167,0.41667,14.5,1.2917,7.5417,63.125,310.5,638.92,1.3333,8.5417,0.79167,0,4.375,0,36.625,0.083333,16.25,0.625,0,0,0,0.16667,0.041667,3.8333,0,25.167,0.125,193.29,0.41667,0.041667,0.16667,0.83333,12.292,4.75,0.083333,0.20833,3.6667,0.45833,2.0833,29.125,113.12,174.58,0.29167,0.54167,0.33333,48.792,0.041667,0,1.875
ctx-lh-temporalpole,4.2917,1.5,2.875,3.4583,316.79,299.54,17.833,312.54,8.5,30.833,87.125,43.583,56.75,164.83,56.917,0.083333,4.1667,10,3,11.708,1,1.3333,4,11,1.25,21.708,9,13.75,365.5,6.7083,4.375,0,0.41667,1198.4,0.125,0,0.083333,0.58333,0,0.625,1.9167,0.45833,1.1667,1.75,0.45833,0.625,1.7083,0.625,0.041667,0.16667,0.041667,0.083333,0.041667,1,0.083333,0.20833,0.16667,6.7917,0.125,1.2083,1.75,3.9167,0.875,0.54167,0.25,0,0,0.29167
ctx-lh-transversetemporal,42.167,0.70833,7.4167,5.375,0.29167,6.7917,116.08,13.75,33.833,16.542,4.2917,2.5417,0.16667,27.083,2.8333,4.7917,51.583,3.3333,13.708,2.75,100.96,6.0833,62.75,122.08,0.083333,13.958,15.167,314.08,3297.5,702.67,0,0.41667,0,1115.5,1.2083,0.25,0.75,0.70833,0,0.66667,8.4167,2.0833,5.375,2.1667,0.125,1.0833,0.041667,3.2917,0.33333,4.9167,0.45833,0.125,0.125,0.54167,9.0833,4.2083,2.5,34.208,0.041667,1.1667,3.125,34.583,9.5833,13.5,0,0,1.7083,3.4167
ctx-lh-insula,86.083,67.667,192.46,39.083,218.54,163.54,310.92,169.46,72.25,270.62,2215.9,187.33,424,376.75,71.75,40.875,1894.2,269,1091.5,82.292,2033.5,39.208,2067,218.12,53.958,727.62,1082,821,1908.5,1942,36.625,1198.4,1115.5,0,2.875,14.458,29.542,4.125,0.083333,3.5417,21.875,5.875,13.917,10.875,6.375,4.3333,27.875,8.4583,0.83333,20.917,11.875,3.0417,7.4167,3.9167,15.208,12.625,32.875,78.75,5.8333,55.625,160.83,75.917,17.833,20.792,5,0.16667,2.625,11.458
ctx-rh-bankssts,0.66667,0.45833,3.5417,0.79167,0.041667,1.9583,4.875,3.25,7.0417,3.125,0.375,0.83333,0.375,2.125,0.375,3.75,1.2083,0.125,0.41667,1.7083,6.7083,2,3.0417,34.208,0.041667,3.2083,10.875,26.208,6.25,7.4583,0.083333,0.125,1.2083,2.875,0,2.75,63.208,10.667,0.41667,21.083,2825,191.96,32.583,84.625,23.083,15.417,2.2083,3683.6,2.0833,4.625,92.667,25.375,59.583,17.292,32.708,8.9167,73.542,61.875,0.29167,123.04,48.833,167.5,2674.1,1393.8,0.95833,2.7083,30.208,106.79
ctx-rh-caudalanteriorcingulate,0.5,79.333,74.667,0.083333,0.041667,0.58333,3.4167,1.25,5.875,0.625,26.542,0.375,78.292,1.2083,0.083333,7.75,60.333,5.5833,21.25,0.29167,3.0417,12.833,19.833,15.792,24.792,217.08,743.88,7.375,1.2083,1.9583,16.25,0,0.25,14.458,2.75,0,65.458,0.29167,1.9167,1.4583,11.792,2.7083,336.46,0.95833,84.667,1.5417,276.92,8.5833,16.792,115.58,179.17,10.583,85,0.54167,9.375,1186.3,73.417,423.29,1504.2,360.17,6220.2,26.458,7.375,13.292,20.625,1,0.79167,61.625
ctx-rh-caudalmiddlefrontal,2.125,41.917,527.04,0.29167,0,2.5417,19.5,8.5417,7.1667,2.25,4.8333,0.25,0.79167,6.75,0.29167,40.292,195.04,4.2083,31.833,0.375,14.958,31.167,244.96,53.792,1.8333,280.08,1281.9,37.625,5.0417,11.542,0.625,0.083333,0.75,29.542,63.208,65.458,0,3.4583,0.375,48.75,1236.8,348.71,6.125,67.167,12.833,4.875,2.625,456.67,1.9167,27.958,3016.8,22.708,190.08,3.25,483,23.125,7087.3,83.25,1.5,5713.8,8564.7,545.46,50,217.75,2.875,1.0417,3.3333,132.04
ctx-rh-cuneus,0.33333,0.16667,0.5,94.5,2.1667,39.917,21.583,9.4583,65,173.42,0.375,100.83,0.16667,3.7083,12.958,0.083333,0.041667,0,0,162.92,0.41667,0.70833,0.375,132.17,0.083333,0.16667,1.4583,164.17,5.2083,1.0417,0,0.58333,0.70833,4.125,10.667,0.29167,3.4583,0,6.4167,179.62,107.54,69.667,371.54,3925.7,7.0417,2229.3,0.625,84.917,85.958,0.16667,1.0833,1.5,0.875,12869,0.79167,1.4167,3.2083,2749.5,0.041667,4.375,4.875,5152.7,97.625,4.5833,0.75,2.3333,2.7917,45.25
ctx-rh-entorhinal,0,0.041667,0.083333,1.125,0.125,0.91667,0.41667,0.25,1.0833,2.2917,0.041667,3.125,0.083333,0.041667,0.5,0.041667,0.041667,0,0,2.0833,0.041667,0,0.041667,1.3333,0,0.125,0.125,2,0.16667,0.083333,0,0,0,0.083333,0.41667,1.9167,0.375,6.4167,0,286.92,5.6667,22.5,41.292,13.042,5.625,21.042,1.625,4.125,614.54,0.20833,0.29167,0.083333,0.20833,6.4167,0.041667,4.625,0.125,60.042,0.45833,0.83333,5,16.792,6.125,0.33333,0.16667,144.04,0.20833,291.58
ctx-rh-fusiform,0.54167,0.125,0.79167,34.625,0.91667,23.125,15.917,14,25.458,75.542,0.41667,46.375,0.45833,3.625,6.8333,0.91667,0.16667,0,0.041667,57.167,0.45833,0.75,1.25,82.25,0,0.79167,3.0417,80,5.8333,2.3333,0,0.625,0.66667,3.5417,21.083,1.4583,48.75,179.62,286.92,0,1370.8,4429.8,144.88,7962,45.917,4241.2,6.5417,370.75,1161,1.75,9.9167,6.6667,5.125,464.54,14.792,4.0833,40.792,270.75,0.5,41.417,20.083,1345.8,149.88,22.667,3.2917,133.5,2.4167,159.5
ctx-rh-inferiorparietal,3.7917,2.5,29.167,37.875,0.45833,41.458,72.417,53.125,87.542,99.292,2.1667,40.25,2,23.75,7.4167,16.083,8.4167,0.75,2,75.542,19.958,8.875,37.375,363.33,0.375,23.458,96.042,307.21,43.083,37.292,0.16667,1.9167,8.4167,21.875,2825,11.792,1236.8,107.54,5.6667,1370.8,0,3553.5,269.62,6679.2,76.417,181.83,10.125,8257.5,51.917,24,784,68.417,251.29,96.542,685.21,26.625,1980.8,884.46,1.25,884.38,436.67,18632,1302.7,6512.9,5.125,16.083,76.333,566.71
ctx-rh-inferiortemporal,0.91667,0.5,8.25,20.167,0.33333,22.375,24,33.042,26.042,60.25,0.79167,25.375,1.2083,9.25,3.125,2.6667,2.5417,0.083333,0.58333,39.458,3.6667,1.4167,5.7917,130.71,0.20833,5.625,24.792,101.25,12.292,7.7917,0.041667,0.45833,2.0833,5.875,191.96,2.7083,348.71,69.667,22.5,4429.8,3553.5,0,78.708,2881.5,85.5,481.21,18.75,6604.7,132.17,2.4167,125.17,20.167,53.667,202.38,77.083,5.0833,269.33,195.29,0.58333,353.17,85.208,717.83,271.54,267.79,4.5833,274.5,5.4583,296.33
ctx-rh-isthmuscingulate,4.125,2.0417,3.0417,64.25,1.375,32.125,49.125,31.708,257,94.542,6.3333,61.917,15,16.333,11.583,6.4167,3.5,1.1667,1.2917,85.417,10.583,13,5.2917,354.54,2.6667,18.042,28.542,239.88,37.958,38,3.8333,1.1667,5.375,13.917,32.583,336.46,6.125,371.54,41.292,144.88,269.62,78.708,0,403.38,19.375,506.62,46.208,91.625,499.12,19.167,26.083,2.5833,13.625,282.46,7.75,1332.2,13.75,7398.1,113.08,36.917,636.67,1143.8,198.88,148.79,7.5833,4.6667,25.625,73.875
ctx-rh-lateraloccipital,0.875,0.41667,1.3333,187.79,3.4167,89,54.875,37.75,105.62,458.46,0.5,198.29,0.75,9.875,18.375,1.0833,0.41667,0.083333,0.16667,336.96,1.9583,1.125,2.2917,319.21,0.16667,0.95833,4.875,395.21,15.458,5.2917,0,1.75,2.1667,10.875,84.625,0.95833,67.167,3925.7,13.042,7962,6679.2,2881.5,403.38,0,88.208,6175.2,8.7083,1693.6,133.12,2.25,14.5,15.167,6.75,8047,16.125,3.5833,55.75,786.71,0.33333,58.542,29.958,8135.8,854.62,29.167,5.2083,22.583,10.417,412.67
ctx-rh-lateralorbitofrontal,0.16667,18.083,2,0.70833,0.083333,1.5833,2,3.25,6.1667,2.7917,58.208,1.375,157.08,0.70833,0.70833,0.41667,1.8333,12.875,6.2083,1.8333,0.375,5.9583,1.25,13.625,35.667,85.708,91.417,8.8333,1.2083,1.0833,25.167,0.45833,0.125,6.375,23.083,84.667,12.833,7.0417,5.625,45.917,76.417,85.5,19.375,88.208,0,85.75,810.21,290.62,9.3333,3.125,170.62,2594.8,783.46,31.083,40.167,17.208,63.708,28.083,141.67,1532.8,159.42,45.625,493,63.167,272.83,152.92,3.7917,2822.4
ctx-rh-lingual,0.5,0.125,0.54167,81,3.0833,51.125,20.75,16.75,60.708,162,0.58333,137.29,0.83333,4.9583,17.583,0.54167,0.16667,0.16667,0,139.54,0.79167,0.33333,1.0417,126.29,0.083333,0.66667,1.7917,145.92,7.375,2.2083,0.125,0.625,1.0833,4.3333,15.417,1.5417,4.875,2229.3,21.042,4241.2,181.83,481.21,506.62,6175.2,85.75,0,8.8333,504.33,833.83,0.54167,2.625,15.208,3.1667,10188,1.4583,5.0417,5.25,1492.8,0.625,30.125,11.458,1149.2,333.75,7.9583,5.625,23.75,1.5,219.71
ctx-rh-medialorbitofrontal,0.16667,126.75,1.9583,0.20833,0.20833,0.58333,0.29167,0.625,25.417,0.58333,283.71,0.83333,1111,1.7917,1,0.125,2.9167,63.208,17.667,0.5,0.29167,41.083,0.54167,17.75,260.04,419.83,557.21,1.1667,1.875,0.20833,193.29,1.7083,0.041667,27.875,2.2083,276.92,2.625,0.625,1.625,6.5417,10.125,18.75,46.208,8.7083,810.21,8.8333,0,39.083,3.4583,2.2917,3.9583,22,7.5,2.4167,1.125,65.083,2.8333,32.917,1488,176.12,2014.8,4.9167,105.21,3.375,569.79,45.917,0.20833,416.42
ctx-rh-middletemporal,2.125,1.125,15.167,10.792,0.33333,13.25,22.583,21.25,29.25,35,1.125,15.125,1.8333,8.9167,3.9167,5.3333,3.6667,0.16667,1.3333,22.792,10.208,3.7917,10.083,125.42,0.41667,11.583,41.25,101.62,17.75,19.375,0.41667,0.625,3.2917,8.4583,3683.6,8.5833,456.67,84.917,4.125,370.75,8257.5,6604.7,91.625,1693.6,290.62,504.33,39.083,0,42.75,7.5,317.71,76.167,178.46,242.71,125.12,13.708,417.08,215.08,1.5833,657.08,168.58,715.29,3676.3,1258.1,14.708,150.5,19.125,616.96
ctx-rh-parahippocampal,0.083333,0,0.25,8.6667,0.54167,6.9583,2.7083,1.7917,11.583,14.542,0.41667,19.875,1.2083,0.83333,4.0833,0.58333,0.083333,0.125,0.083333,16.125,0.58333,0.33333,0.25,17.5,0.20833,0.58333,0.91667,16.208,1.1667,0.875,0.041667,0.041667,0.33333,0.83333,2.0833,16.792,1.9167,85.958,614.54,1161,51.917,132.17,499.12,133.12,9.3333,833.83,3.4583,42.75,0,0.375,1.4167,0.91667,0.625,103.88,0.41667,34.625,1.7917,579,5.1667,4.7083,36.542,179.04,24.958,3.4167,0.875,50.667,1.1667,47.5
ctx-rh-paracentral,2.9167,5.4167,35.375,0.875,0.25,1.375,19.708,4.9583,36.125,1.6667,2.25,0.83333,0.75,5.9167,0.75,1218.6,24.292,1.0417,5.0417,0.66667,280.83,342.92,922.08,225.12,0.45833,20.708,473.88,145.75,22.833,92.375,0.16667,0.16667,4.9167,20.917,4.625,115.58,27.958,0.16667,0.20833,1.75,24,2.4167,19.167,2.25,3.125,0.54167,2.2917,7.5,0.375,0,39.75,3.2917,13.667,0.375,2230.7,3159.2,3218.9,3137.9,6.5,41.833,3121.8,982,34.75,177.29,0.83333,0.083333,8.2917,61.667
ctx-rh-parsopercularis,0.79167,30.125,179.58,0.125,0.041667,0.79167,5.9583,2.125,3.7083,0.58333,3.4167,0.083333,1.8333,1.75,0.16667,12.417,87.208,2.5833,24.083,0.25,6.75,10.792,46.792,21,3.125,240.25,670.08,15.625,1.8333,5.2083,0.83333,0.041667,0.45833,11.875,92.667,179.17,3016.8,1.0833,0.29167,9.9167,784,125.17,26.083,14.5,170.62,2.625,3.9583,317.71,1.4167,39.75,0,256.96,3059.1,1.625,370.58,44.208,4378.5,96.208,3.75,2772.8,2696.5,242,122.79,914.58,3.5,1,8.4583,1382.6
ctx-rh-parsorbitalis,0.083333,4.5417,5.375,0.16667,0.041667,0.20833,0.625,0.20833,1.125,0.375,14.333,0.29167,31.083,0.5,0.16667,0.83333,4.7083,15.292,14.75,0.375,0.41667,1.1667,2.4583,3.4583,11.417,144.62,133.42,2.3333,0.29167,0.79167,12.292,0.083333,0.125,3.0417,25.375,10.583,22.708,1.5,0.083333,6.6667,68.417,20.167,2.5833,15.167,2594.8,15.208,22,76.167,0.91667,3.2917,256.96,0,1890.6,5.125,44.5,3.2917,81.542,7.0833,12.542,1799.8,232.38,21.5,78.458,110.58,36.792,5.3333,3.5833,415.62
ctx-rh-parstriangularis,0.29167,14.417,31,0.041667,0,0.083333,1.125,0.58333,2.5833,0.083333,5.375,0.29167,9,0.83333,0.125,3.1667,32.292,8.0833,37.375,0.29167,2.2917,3.3333,8.125,6.5417,12.375,309.58,409.33,3.25,1,2.2083,4.75,0.041667,0.125,7.4167,59.583,85,190.08,0.875,0.20833,5.125,251.29,53.667,13.625,6.75,783.46,3.1667,7.5,178.46,0.625,13.667,3059.1,1890.6,0,1.625,120.25,18.375,286.62,26.333,17.792,4241.1,1109.8,60.25,125.83,349.92,10.208,0.83333,8.4167,1227
ctx-rh-pericalcarine,0.625,0,0.20833,96.625,2.125,45.958,24.875,15.5,64.833,199.62,0.45833,116.33,0.54167,4.25,13.5,0.375,0.25,0,0.083333,162.38,0.70833,0.58333,0.625,147,0.041667,0.45833,1.0833,185.25,6.25,1.9167,0.083333,1,0.54167,3.9167,17.292,0.54167,3.25,12869,6.4167,464.54,96.542,202.38,282.46,8047,31.083,10188,2.4167,242.71,103.88,0.375,1.625,5.125,1.625,0,1.2083,1.3333,3,1195.1,0.20833,11.958,4.7917,2397.7,195.54,5.9583,1.9167,7.7083,1.5833,102.96
ctx-rh-postcentral,2.875,2.5417,14.333,0.5,0,1.375,12.875,4.375,18.708,1.25,1.0417,0.66667,0.58333,6.7083,0.95833,256.04,11.542,0.29167,2.7083,0.54167,226.12,63.458,214.25,151.67,0.25,13.083,98.208,124.5,34.125,111.29,0.20833,0.083333,9.0833,15.208,32.708,9.375,483,0.79167,0.041667,14.792,685.21,77.083,7.75,16.125,40.167,1.4583,1.125,125.12,0.41667,2230.7,370.58,44.5,120.25,1.2083,0,143.38,17098,260.5,0.70833,205.79,487.96,5286.6,205.92,6466.3,1.125,0.5,70.833,2093
ctx-rh-posteriorcingulate,2,14.833,48.417,0.95833,0.041667,1.6667,11.667,4.2917,46.417,2.3333,7.5833,0.75,19.375,6.2917,0.91667,382.12,29.333,1.8333,4.5,1.1667,83.5,229.42,223.5,192.92,4.125,29.083,468.67,86.333,16.5,42.042,3.6667,0.20833,4.2083,12.625,8.9167,1186.3,23.125,1.4167,4.625,4.0833,26.625,5.0833,1332.2,3.5833,17.208,5.0417,65.083,13.708,34.625,3159.2,44.208,3.2917,18.375,1.3333,143.38,0,334.75,3577.8,223.08,55.25,2683.9,264.62,49.292,116.67,6.5,0.70833,9.375,38.333
ctx-rh-precentral,1.3333,20.25,303.67,0.95833,0.041667,2.875,34.542,6.6667,14.292,3.75,3.3333,1.125,1.25,6.0833,0.45833,995.42,104.71,2.125,12.542,1.4167,194.25,201.29,1529.3,173.88,0.875,68.667,1536.7,130.96,9.0833,46.417,0.45833,0.16667,2.5,32.875,73.542,73.417,7087.3,3.2083,0.125,40.792,1980.8,269.33,13.75,55.75,63.708,5.25,2.8333,417.08,1.7917,3218.9,4378.5,81.542,286.62,3,17098,334.75,0,363.71,2.0833,1241.1,7795.4,2404.5,153.12,2119.7,2.1667,1.125,30.083,1722.8
ctx-rh-precuneus,23.958,5.625,42.083,173.88,3.1667,142,227.79,176.21,500.71,441,10.875,194.54,13.125,79.958,28.167,177.12,22.667,2.0417,4.7917,320.29,176.04,121.71,142.42,1304.5,2.5,36.208,186.62,1056.4,193.25,256.08,2.0833,6.7917,34.208,78.75,61.875,423.29,83.25,2749.5,60.042,270.75,884.46,195.29,7398.1,786.71,28.083,1492.8,32.917,215.08,579,3137.9,96.208,7.0833,26.333,1195.1,260.5,3577.8,363.71,0,83.167,125.71,1972.1,8315.8,487.54,443.12,5.6667,8.75,69.417,253.46
ctx-rh-rostralanteriorcingulate,0,16.458,1.7917,0,0,0.083333,0.125,0.45833,3.9167,0.125,39,0.20833,176.42,0.41667,0.25,0.41667,3,8.4583,11.542,0.041667,0.083333,4.5833,1.0417,2.5833,62.625,154.21,220.29,0.58333,0.375,0.16667,29.125,0.125,0.041667,5.8333,0.29167,1504.2,1.5,0.041667,0.45833,0.5,1.25,0.58333,113.08,0.33333,141.67,0.625,1488,1.5833,5.1667,6.5,3.75,12.542,17.792,0.20833,0.70833,223.08,2.0833,83.167,0,182.42,2657.2,2.875,4.1667,1.2083,47.917,2.0417,0.083333,55.208
ctx-rh-rostralmiddlefrontal,2.0417,139.25,232.42,0.25,0.083333,1.7083,9.5833,6.5417,22,1.6667,149.08,1.5,290.33,7.625,1.2917,13.708,215.38,146.38,267.88,0.91667,8.125,36.417,48.667,46.125,206.29,2405.7,3164.2,16.792,7.9583,9.5417,113.12,1.2083,1.1667,55.625,123.04,360.17,5713.8,4.375,0.83333,41.417,884.38,353.17,36.917,58.542,1532.8,30.125,176.12,657.08,4.7083,41.833,2772.8,1799.8,4241.1,11.958,205.79,55.25,1241.1,125.71,182.42,0,9299,222.96,207.42,423.25,507.38,11.792,8.75,612.38
ctx-rh-superiorfrontal,5.6667,440.92,1255.9,2.1667,0.16667,7.0417,63.708,25.958,54.125,9.25,176.42,3,413.75,26.542,2.5,384.58,704.83,141.71,353.25,2.375,81.25,326.46,1210.8,234.75,278.42,3195,8424.2,149.25,20.917,37.917,174.58,1.75,3.125,160.83,48.833,6220.2,8564.7,4.875,5,20.083,436.67,85.208,636.67,29.958,159.42,11.458,2014.8,168.58,36.542,3121.8,2696.5,232.38,1109.8,4.7917,487.96,2683.9,7795.4,1972.1,2657.2,9299,0,1235.9,109.5,243.42,627.08,3.2083,10,720.12
ctx-rh-superiorparietal,26.625,3.3333,32.75,218.88,4.4583,154.08,276.04,175.12,370.75,497.54,6.75,222.75,4.2083,90.875,35.375,143.79,18.708,1.125,3.875,395.5,184.54,79.083,138.96,1279,0.79167,18.25,140.79,1155.8,198.75,301.17,0.29167,3.9167,34.583,75.917,167.5,26.458,545.46,5152.7,16.792,1345.8,18632,717.83,1143.8,8135.8,45.625,1149.2,4.9167,715.29,179.04,982,242,21.5,60.25,2397.7,5286.6,264.62,2404.5,8315.8,2.875,222.96,1235.9,0,1400.4,5353.8,3.8333,10.542,260.75,1146.8
ctx-rh-superiortemporal,5.5833,0.70833,5.2083,10.708,0.29167,15.875,39.625,26.792,59.292,40.458,1.4583,15.292,3.125,16.042,4.2917,22.875,3,0.41667,1.1667,20.125,49.5,13.792,14.083,256.62,0.70833,9.0417,20.708,215,48.75,64.5,0.54167,0.875,9.5833,17.833,2674.1,7.375,50,97.625,6.125,149.88,1302.7,271.54,198.88,854.62,493,333.75,105.21,3676.3,24.958,34.75,122.79,78.458,125.83,195.54,205.92,49.292,153.12,487.54,4.1667,207.42,109.5,1400.4,0,3468.6,22.083,290.88,2673.1,2435.7
ctx-rh-supramarginal,4.1667,1.625,14.667,1.5417,0.083333,4.1667,26.708,14.125,53.292,6.1667,0.95833,2.6667,1.1667,13.625,2.2083,92.833,9.5,0.33333,3.4167,2.875,159,38.458,58.875,270.25,0.625,21.75,59.375,253.79,51.458,128.25,0.33333,0.54167,13.5,20.792,1393.8,13.292,217.75,4.5833,0.33333,22.667,6512.9,267.79,148.79,29.167,63.167,7.9583,3.375,1258.1,3.4167,177.29,914.58,110.58,349.92,5.9583,6466.3,116.67,2119.7,443.12,1.2083,423.25,243.42,5353.8,3468.6,0,1.9167,1.9583,540.04,2368.6
ctx-rh-frontalpole,0.041667,29.167,0.91667,0.041667,0,0.083333,0,0.29167,4.7083,0.125,69.417,0.25,200.33,0.45833,0.29167,0.041667,2.375,30.625,13.167,0.20833,0.125,9.7083,0.375,3.75,59.292,192.08,227.79,0.20833,0.70833,0.20833,48.792,0.25,0,5,0.95833,20.625,2.875,0.75,0.16667,3.2917,5.125,4.5833,7.5833,5.2083,272.83,5.625,569.79,14.708,0.875,0.83333,3.5,36.792,10.208,1.9167,1.125,6.5,2.1667,5.6667,47.917,507.38,627.08,3.8333,22.083,1.9167,0,6.5,0.083333,55.375
ctx-rh-temporalpole,0,0.20833,0,0.20833,0,0.875,0.5,0.79167,0.70833,1.75,0.29167,0.95833,0.95833,0.20833,0.083333,0.083333,0,0,0,1.25,0.041667,0.041667,0.083333,2.875,0.29167,0.54167,0.625,2.4583,0.25,0.125,0.041667,0,0,0.16667,2.7083,1,1.0417,2.3333,144.04,133.5,16.083,274.5,4.6667,22.583,152.92,23.75,45.917,150.5,50.667,0.083333,1,5.3333,0.83333,7.7083,0.5,0.70833,1.125,8.75,2.0417,11.792,3.2083,10.542,290.88,1.9583,6.5,0,0.16667,1412.2
ctx-rh-transversetemporal,0.58333,0.16667,0.95833,0.95833,0,1.6667,4.4583,2.5833,5.625,3.4583,0.125,1.375,0.083333,2.0417,0.16667,4.3333,0.375,0,0.083333,1.9167,10.375,2.7083,2.5833,29.5,0,1,2.3333,25.458,6.6667,9.9583,0,0,1.7083,2.625,30.208,0.79167,3.3333,2.7917,0.20833,2.4167,76.333,5.4583,25.625,10.417,3.7917,1.5,0.20833,19.125,1.1667,8.2917,8.4583,3.5833,8.4167,1.5833,70.833,9.375,30.083,69.417,0.083333,8.75,10,260.75,2673.1,540.04,0.083333,0.16667,0,939.04
ctx-rh-insula,2.25,6.7083,22.958,8.4167,0.20833,9.4167,22.333,17,23.458,24.5,8.875,9.875,22.917,8.375,1.8333,18.958,12.208,1.75,6.0417,13.417,22.458,12.042,26.958,125.92,6.9167,47.417,128.75,91.917,20.917,31.417,1.875,0.29167,3.4167,11.458,106.79,61.625,132.04,45.25,291.58,159.5,566.71,296.33,73.875,412.67,2822.4,219.71,416.42,616.96,47.5,61.667,1382.6,415.62,1227,102.96,2093,38.333,1722.8,253.46,55.208,612.38,720.12,1146.8,2435.7,2368.6,55.375,1412.2,939.04,0