,ctx-lh-bankssts,ctx-lh-caudalanteriorcingulate,ctx-lh-caudalmiddlefrontal,ctx-lh-cuneus,ctx-lh-entorhinal,ctx-lh-fusiform,ctx-lh-inferiorparietal,ctx-lh-inferiortemporal,ctx-lh-isthmuscingulate,ctx-lh-lateraloccipital,ctx-lh-lateralorbitofrontal,ctx-lh-lingual,ctx-lh-medialorbitofrontal,ctx-lh-middletemporal,ctx-lh-parahippocampal,ctx-lh-paracentral,ctx-lh-parsopercularis,ctx-lh-parsorbitalis,ctx-lh-parstriangularis,ctx-lh-pericalcarine,ctx-lh-postcentral,ctx-lh-posteriorcingulate,ctx-lh-precentral,ctx-lh-precuneus,ctx-lh-rostralanteriorcingulate,ctx-lh-rostralmiddlefrontal,ctx-lh-superiorfrontal,ctx-lh-superiorparietal,ctx-lh-superiortemporal,ctx-lh-supramarginal,ctx-lh-frontalpole,ctx-lh-temporalpole,ctx-lh-transversetemporal,ctx-lh-insula,ctx-rh-bankssts,ctx-rh-caudalanteriorcingulate,ctx-rh-caudalmiddlefrontal,ctx-rh-cuneus,ctx-rh-entorhinal,ctx-rh-fusiform,ctx-rh-inferiorparietal,ctx-rh-inferiortemporal,ctx-rh-isthmuscingulate,ctx-rh-lateraloccipital,ctx-rh-lateralorbitofrontal,ctx-rh-lingual,ctx-rh-medialorbitofrontal,ctx-rh-middletemporal,ctx-rh-parahippocampal,ctx-rh-paracentral,ctx-rh-parsopercularis,ctx-rh-parsorbitalis,ctx-rh-parstriangularis,ctx-rh-pericalcarine,ctx-rh-postcentral,ctx-rh-posteriorcingulate,ctx-rh-precentral,ctx-rh-precuneus,ctx-rh-rostralanteriorcingulate,ctx-rh-rostralmiddlefrontal,ctx-rh-superiorfrontal,ctx-rh-superiorparietal,ctx-rh-superiortemporal,ctx-rh-supramarginal,ctx-rh-frontalpole,ctx-rh-temporalpole,ctx-rh-transversetemporal,ctx-rh-insula
ctx-lh-bankssts,0,1.1293,75.092,7.4886,0.50898,26.779,635.24,196.54,14.908,46.899,15.095,10.06,3.23,910.52,2.0708,2.1919,102.66,8.7261,31.915,10.541,38.13,4.1485,215.63,39.196,0.44233,43.975,18.558,70.064,731.41,510.36,0.58359,5.8196,37.594,62.505,0.76139,0.72232,1.5126,0.56466,0,0.97709,3.967,1.4421,4.7668,1.2959,0.38069,0.78019,0.56466,2.3278,0.40825,4.0316,0.88363,0.28233,0.55003,0.87539,3.6512,2.9927,1.4039,16.779,0,1.7315,3.0455,16.996,4.3829,3.9306,0.20412,0,1.018,2.1315
ctx-lh-caudalanteriorcingulate,1.1293,0,71.359,0.62409,1.5511,1.8411,2.8814,2.8739,150.72,1.1788,79.257,2.4716,211.77,4.577,10.248,55.748,132.1,12.462,53.274,0.58977,7.716,409.22,25.514,180.02,650.13,202.46,1235.2,13.484,3.1803,3.3662,27.07,2.2842,1.0417,48.366,0.72106,64.883,32.555,0.38069,0.20412,0.33783,2.9043,0.65938,2.0104,0.97431,16.623,0.33783,105.34,1.191,0,5.3154,29.648,3.6113,12.518,0,2.5872,19.767,22.129,3.6453,10.681,64.409,272.44,2.6973,0.85867,1.3772,17.924,0.50898,0.48154,5.7292
ctx-lh-caudalmiddlefrontal,75.092,71.359,0,8.2022,2.0951,125.3,347.27,396.9,9.8311,81.421,21.018,5.7231,2.977,306,2.3575,22.757,1231.5,21.54,122.43,6.5827,278.99,15.354,1779.1,95.352,2.143,1801.4,2491.2,257.8,110.74,292.29,2.4137,3.6393,5.8154,161.75,3.7991,54.482,226.94,0.78019,0.28233,1.2847,19.309,7.9194,3.1413,1.8098,2.4672,1.0206,2.255,14.82,0.53161,32.593,84.866,4.1369,18.226,0.50898,12.394,75.647,224.34,30.432,1.8411,127.81,448.76,19.159,5.5166,8.3701,1.2482,0,1.3345,25.962
ctx-lh-cuneus,7.4886,0.62409,8.2022,0,9.9724,89.697,102.89,44.921,256.85,1075.7,5.3472,663.73,1.974,29.877,53.397,2.0624,2.3953,1.1293,0.72232,2178.6,1.9035,3.3984,5.8457,863.73,0.33783,6.4314,6.8414,1538.2,39.335,3.0072,0.41485,3.1065,4.7531,22.161,0.88363,0.28233,0.62409,53.525,1.3613,21.437,24.006,18.367,39.036,117.22,0.99909,45.638,0.50898,9.2312,7.3109,1.5126,0.44843,0.56466,0.20412,38.296,0.72232,2.0743,1.6011,87.95,0,0.53161,1.9486,82.799,8.2435,1.2847,0.20412,0.50898,1.1971,5.3724
ctx-lh-entorhinal,0.50898,1.5511,2.0951,9.9724,0,198.27,15.988,16.414,68.03,20.735,7.1323,34.18,4.606,2.9632,468.45,0.20412,1.2446,1.6369,0.63702,12.037,1.6676,2.458,2.6618,35.907,0.71094,2.2442,3.2434,13.909,63.425,1.9219,0.67566,245.04,0.62409,141.92,0.20412,0.20412,0,2.8387,0.33783,1.1765,0.88363,0.63702,2.143,4.1485,0.28233,4.138,0.50898,0.70196,1.0624,0.60792,0.20412,0.20412,0,3.2878,0,0.20412,0.20412,2.9142,0,0.40825,0.48154,3.8784,0.62409,0.28233,0,0,0,0.41485
ctx-lh-fusiform,26.779,1.8411,125.3,89.697,198.27,0,642.2,1201.8,209.45,1975.2,25.417,1305.6,23.707,147.93,458.15,0.88055,44.032,6.2819,22.965,387.53,28.936,2.3031,76.162,121.94,1.3486,39.701,23.116,392.88,91.616,49.724,2.2646,189.32,4.5395,83.834,2.6618,0.71728,2.1865,32.326,1.4421,22.489,38.902,29.431,28.123,85.438,3.2292,49.554,1.018,13.823,6.9625,1.3453,1.1788,0.50898,0.28233,39.559,1.9519,1.8572,2.3831,122.87,0.28233,1.8292,5.2625,103.83,14.278,3.691,0.28233,2.3464,2.0782,8.4076
ctx-lh-inferiorparietal,635.24,2.8814,347.27,102.89,15.988,642.2,0,1001.6,189.57,1465.7,28.594,68.677,7.5623,1369,30.255,9.028,215.78,11.588,49.364,59.362,363.07,17.807,534.81,686.92,0.99909,299.37,218.05,3045.9,421.85,1494.1,2.6416,17.051,103.01,149.25,4.8122,3.1885,9.5917,13.256,0.77553,10.321,91.711,21.238,29.82,36.015,2.1669,16.85,0.55003,18.036,2.2742,17.714,5.0603,0.96965,1.1156,13.261,10.066,10.383,28.382,150.5,0.33783,6.507,32.269,230.9,29.662,20.109,0,0.83406,4.0752,21.673
ctx-lh-inferiortemporal,196.54,2.8739,396.9,44.921,16.414,1201.8,1001.6,0,93.7,829.26,40.69,222.76,27.451,1062.7,148.7,2.1931,222.54,17.19,81.27,155.97,63.404,4.896,272.63,163.84,1.8992,215.68,30.936,243.91,171.07,301.09,1.8098,261.59,12.026,78.935,3.1931,1.3593,7.3068,6.9843,0.53161,16.035,58.151,54.119,30.407,38.216,5.4073,19.594,1.0555,26.443,1.6934,5.8345,2.1531,0.41485,0.92861,13.536,3.8086,7.3217,5.7835,179.12,0.65801,4.9605,16.688,197.86,25.176,13.463,0.62409,1.6146,2.5524,16.264
ctx-lh-isthmuscingulate,14.908,150.72,9.8311,256.85,68.03,209.45,189.57,93.7,0,215.53,16.977,359.62,43.444,35.299,389.32,142.51,21.49,4.8137,7.8366,213.37,40.955,619.8,46.635,1457.1,102.11,31.207,294.93,457.84,98.054,137.89,6.9999,6.7631,22.77,44.029,5.6835,4.7941,6.8504,47.691,1.8158,16.498,73.369,26.133,125.69,59.722,5.1892,49.603,33.725,19.252,18.168,47.686,2.8814,1.4238,1.6918,44.412,21.505,43.785,27.746,207.89,5.5319,10.931,39.221,206.74,41.125,33.935,4.7041,1.2329,3.8653,14.629
ctx-lh-lateraloccipital,46.899,1.1788,81.421,1075.7,20.735,1975.2,1465.7,829.26,215.53,0,27.764,1396.4,10.232,602.12,59.339,1.0826,22.455,7.8536,6.267,1863.3,43.602,1.8133,77.709,220.14,0.92372,32.592,21.256,2025.9,259.31,36.658,2.1196,25.921,15.973,112.37,3.9377,0.6469,1.7998,140.24,3.2501,57.263,72.384,80.007,54.02,527.71,3.1482,142.39,0.88055,34.865,10.446,1.9927,0.8297,0.6469,0.28233,141.35,1.6746,1.8337,3.0963,357.39,0.33783,2.2586,6.5359,298.57,41.799,5.2309,0.33783,2.3266,4.2424,22.504
ctx-lh-lateralorbitofrontal,15.095,79.257,21.018,5.3472,7.1323,25.417,28.594,40.69,16.977,27.764,0,39.587,568.15,115.49,7.3592,5.3079,146.72,786.38,742.87,13.755,23.88,23.144,45.272,16.271,158.38,487.12,210.56,20.582,186.87,23.1,105.97,88.646,4.3186,416.8,0.76967,18.099,4.4396,0.71094,0.20412,0.77553,2.6155,1.2151,5.3541,1.0215,61.715,0.97431,174.57,1.329,1.0598,2.172,3.0491,11.332,4.2917,0.77903,0.99909,6.9088,3.485,8.8333,23.9,84.153,95.983,5.8029,2.0426,1.459,48.321,0.62409,0.33783,12.821
ctx-lh-lingual,10.06,2.4716,5.7231,663.73,34.18,1305.6,68.677,222.76,359.62,1396.4,39.587,0,23.243,163.46,364.6,0.62409,5.1116,8.2777,3.6146,2210,1.4885,5.3187,4.8944,345.23,2.8204,17.355,11.321,410.02,151.42,6.9937,4.0466,28.817,1.7688,92.905,1.4039,0.71094,0.44233,69.307,6.1596,36.044,29.458,30.916,48.552,182.79,1.7892,91.72,1.4039,16.892,21.961,1.6594,0.28233,0.55003,0.7506,82.855,1.0495,1.0321,1.3613,154.65,0.50898,1.7693,2.7819,133.2,13.294,2.3344,0.44233,1.6011,1.8371,10.174
ctx-lh-medialorbitofrontal,3.23,211.77,2.977,1.974,4.606,23.707,7.5623,27.451,43.444,10.232,568.15,23.243,0,48.087,6.0933,1.4885,3.4701,28.355,11.406,9.0502,0.99909,70.204,4.6243,31.092,709.03,122.99,520.28,12.058,81.612,3.4005,254.54,98.896,0.38069,177.18,0.71094,67.443,1.0624,0.38069,0.28233,0.77903,2.8284,1.7189,14.434,1.1516,95.216,1.3726,455,1.9927,1.8173,1.2247,1.9035,31.575,13.122,0.97709,0.71728,18.12,1.2938,12.124,74.204,217.56,252.95,6.1994,2.9239,1.5511,119.55,1.628,0.28233,32.045
ctx-lh-middletemporal,910.52,4.577,306,29.877,2.9632,147.93,1369,1062.7,35.299,602.12,115.49,163.46,48.087,0,34.537,3.2878,290.11,35.187,109.72,76.747,62.668,7.226,337.38,93.999,2.541,211.77,49.505,147.96,986.25,581.49,7.0706,92,17.788,226.51,2.4902,1.1788,5.244,2.8511,0.20412,3.6572,22.501,15.793,11.518,9.6473,1.3345,8.0405,2.5018,9.0981,1.4346,6.613,1.327,1.0632,1.4039,2.4716,6.6951,8.5388,3.8664,42.32,0.65386,5.0803,10.632,62.119,15.273,11.378,0.93153,0.50898,1.9444,6.8829
ctx-lh-parahippocampal,2.0708,10.248,2.3575,53.397,468.45,458.15,30.255,148.7,389.32,59.339,7.3592,364.6,6.0933,34.537,0,0.69025,3.7991,2.1196,1.3188,55.574,1.1516,27.617,2.2742,238.9,4.4624,4.8527,26.469,88.506,23.051,7.8213,0.98907,48.481,3.0881,222.18,0.87539,0.40825,0.69025,13.598,1.4446,7.293,15.615,5.3756,16.497,12.552,2.0951,19.516,1.4446,10.125,7.1379,2.4716,0.48154,0.38069,0.33783,13.635,2.3495,2.4122,0.72106,28.391,0.44233,2.2357,2.4847,59.996,10.976,8.4954,0.85867,0.28233,0.48154,4.1354
ctx-lh-paracentral,2.1919,55.748,22.757,2.0624,0.20412,0.88055,9.028,2.1931,142.51,1.0826,5.3079,0.62409,1.4885,3.2878,0.69025,0,30.797,1.9486,9.6067,0.50898,659.29,934.17,1356,670.06,2.2586,35.269,876.27,379.78,11.881,60.26,0.71728,0.28233,5.5715,22.693,3.3783,7.2005,23.455,0.28233,0.20412,0.97431,10.069,2.7293,8.2088,1.0598,0.65386,0.97709,0.33783,3.7955,1.0598,465.71,7.5292,0.96309,3.1714,0.96965,131.14,223.21,453.95,113.91,0.58359,11.369,198.86,79.585,18.688,55.337,0.20412,0.40825,3.8069,17.999
ctx-lh-parsopercularis,102.66,132.1,1231.5,2.3953,1.2446,44.032,215.78,222.54,21.49,22.455,146.72,5.1116,3.4701,290.11,3.7991,30.797,0,142.17,818.99,3.0396,224.57,47.874,1358.9,64.808,8.9891,1219.9,915.1,112.57,263.18,420.1,3.7725,5.4825,46.031,530.97,1.4738,42.862,84.247,0.20412,0.20412,0.38069,5.9265,2.604,3.5139,0.71728,2.1602,0.38069,2.2634,2.8387,0.28233,26.847,56.616,5.752,25.292,0.53161,9.6548,55.145,151.42,21.759,3.7993,140.65,291.47,17.354,3.2969,6.8398,2.4283,0,0.57578,10.147
ctx-lh-parsorbitalis,8.7261,12.462,21.54,1.1293,1.6369,6.2819,11.588,17.19,4.8137,7.8536,786.38,8.2777,28.355,35.187,2.1196,1.9486,142.17,0,619.45,4.6989,6.5307,3.05,17.124,5.7729,40.86,589.95,139.01,5.056,35.384,17.545,28.019,13.035,4.1249,113.67,0.33783,4.4323,3.945,0,0,0,0.98907,0.28233,1.5788,0.28233,16.477,0.38069,69.528,0.56466,0.33783,1.1971,2.0624,18.042,7.4596,0,0.55003,1.9035,2.2129,2.5277,7.7008,95.223,80.236,1.3929,0.65386,0.63702,26.623,0,0,1.391
ctx-lh-parstriangularis,31.915,53.274,122.43,0.72232,0.63702,22.965,49.364,81.27,7.8366,6.267,742.87,3.6146,11.406,109.72,1.3188,9.6067,818.99,619.45,0,1.8645,33.831,11.147,89.008,17.601,52.139,724.15,428.51,16.591,54.813,59.734,14.24,3.9342,9.8355,412.1,0.65386,15.123,18.332,0,0,0.20412,1.588,0.92861,1.3981,0.48154,9.7979,0,16.415,1.5511,0.28233,5.1286,17.475,19.265,33.827,0.28233,3.0995,5.133,13.045,3.753,9.8245,163.3,188.86,2.9534,1.5788,2.603,14.011,0,0.28233,4.5634
ctx-lh-pericalcarine,10.541,0.58977,6.5827,2178.6,12.037,387.53,59.362,155.97,213.37,1863.3,13.755,2210,9.0502,76.747,55.574,0.50898,3.0396,4.6989,1.8645,0,2,1.3805,9.0454,400.13,0.7506,8.4197,5.7002,1234.1,66.63,4.8988,1.3181,8.9076,2.9672,34.459,1.7062,0.55003,0.57578,99.437,2.4302,29.307,55.015,38.749,44.981,222.77,2.3344,70.13,0.88465,19.29,14.438,0.86811,0.44233,0.57578,0.46431,65.353,1.1025,1.2394,1.6129,176.92,0.20412,1.6918,2.039,218.33,16.609,2.271,0.50898,1.7508,1.9542,11.508
ctx-lh-postcentral,38.13,7.716,278.99,1.9035,1.6676,28.936,363.07,63.404,40.955,43.602,23.88,1.4885,0.99909,62.668,1.1516,659.29,224.57,6.5307,33.831,2,0,120.1,2260.2,101.93,0.77553,81.59,299.29,1550.3,98.709,1179,0.88055,1.5323,75.126,469.84,7.3749,2.8814,7.8711,0.92861,0.20412,0.88363,18.454,4.0825,13.647,1.9667,0.6469,1.2847,0.55003,9.1223,0.8297,133.84,4.8745,0.88055,2.1964,1.3345,194.67,53.176,106.75,177.16,0.28233,5.4797,36.213,160.57,46.833,112.23,0.33783,0.20412,11.613,21.627
ctx-lh-posteriorcingulate,4.1485,409.22,15.354,3.3984,2.458,2.3031,17.807,4.896,619.8,1.8133,23.144,5.3187,70.204,7.226,27.617,934.17,47.874,3.05,11.147,1.3805,120.1,0,188.17,714.66,101.85,53.314,927.58,106.64,22.497,75.856,10.43,1.6854,5.8303,26.168,2.0851,7.4113,23.609,1.0417,0,1.5948,5.7884,1.5299,13.702,1.227,5.9744,0.63702,35.493,3.426,0.63702,295.26,8.0594,1.4939,2.4789,0.97431,42.261,133.94,135.38,63.032,3.5005,14.557,295.75,43.643,8.1025,23.025,6.5705,0.20412,2.6943,14.412
ctx-lh-precentral,215.63,25.514,1779.1,5.8457,2.6618,76.162,534.81,272.63,46.635,77.709,45.272,4.8944,4.6243,337.38,2.2742,1356,1358.9,17.124,89.008,9.0454,2260.2,188.17,0,139.62,1.6746,456.23,1564.1,705.37,302.91,737.17,1.781,4.1494,46.655,510.7,2.8511,15.631,95.555,0.76967,0.20412,1.5948,23.046,4.6623,3.884,2.3495,1.7508,1.4289,1.1025,8.3297,1.0321,432.26,32.037,2.1865,5.5035,0.82423,183.96,126.87,822.97,112.78,1.1221,34.396,401.76,79.248,11.163,41.404,0.49454,0.28233,3.0916,38.96
ctx-lh-precuneus,39.196,180.02,95.352,863.73,35.907,121.94,686.92,163.84,1457.1,220.14,16.271,345.23,31.092,93.999,238.9,670.06,64.808,5.7729,17.601,400.13,101.93,714.66,139.62,0,47.964,160.77,616.57,1140,248.67,271.32,5.6104,12.083,87.083,90.058,18.472,6.5141,22.193,94.914,1.6854,55.005,251.19,106.48,118.17,201.98,11.111,78.188,18.09,73.221,14.688,125.91,11.348,2.7502,5.175,75.786,70.181,119.28,85.679,606.72,3.0633,26.911,80.577,708.97,138.2,93.921,3.2471,3.8596,21.189,91.043
ctx-lh-rostralanteriorcingulate,0.44233,650.13,2.143,0.33783,0.71094,1.3486,0.99909,1.8992,102.11,0.92372,158.38,2.8204,709.03,2.541,4.4624,2.2586,8.9891,40.86,52.139,0.7506,0.77553,101.85,1.6746,47.964,0,297.96,859.83,3.5661,3.349,0.77903,62.002,1.9167,0.28233,37.282,0.20412,22.862,1.9927,0.28233,0,0,0.57578,0.50898,2.7452,0.56466,30.781,0.28233,139.44,0.77553,0.41485,0.93153,3.5054,13.233,14.741,0.20412,0.73721,5.228,1.454,2.1264,47.048,172.57,206.3,0.88363,0.9079,0.87539,37.865,0.69025,0,7.3952
ctx-lh-rostralmiddlefrontal,43.975,202.46,1801.4,6.4314,2.2442,39.701,299.37,215.68,31.207,32.592,487.12,17.355,122.99,211.77,4.8527,35.269,1219.9,589.95,724.15,8.4197,81.59,53.314,456.23,160.77,297.96,0,2295.6,157.36,110.62,258.74,151.56,25.035,11.388,337.03,2.1665,88.329,152.64,0.38069,0.44843,0.83297,13.787,3.9652,8.7351,1.2329,58.903,1.0072,214.1,6.0139,0.77553,15.064,106.78,96.023,137.12,0.83297,8.4076,19.733,41.022,17.663,112.43,714.3,743.71,11.019,6.2796,12.629,72.738,0.65801,1.2854,27.235
ctx-lh-superiorfrontal,18.558,1235.2,2491.2,6.8414,3.2434,23.116,218.05,30.936,294.93,21.256,210.56,11.321,520.28,49.505,26.469,876.27,915.1,139.01,428.51,5.7002,299.29,927.58,1564.1,616.57,859.83,2295.6,0,660.65,38.623,60.717,342.89,14.515,10.757,583,9.9447,302.7,407.07,1.1413,0.33783,2.2742,39.773,16.932,14.277,3.3142,46.668,1.503,270.26,26.326,1.018,220.69,257.76,73.429,193.85,1.0598,51.011,387.26,636.88,101.44,117.18,893.05,2077.3,53.397,14.287,25.993,78.713,1.0959,2.3713,87.321
ctx-lh-superiorparietal,70.064,13.484,257.8,1538.2,13.909,392.88,3045.9,243.91,457.84,2025.9,20.582,410.02,12.058,147.96,88.506,379.78,112.57,5.056,16.591,1234.1,1550.3,106.64,705.37,1140,3.5661,157.36,660.65,0,263.85,2056.2,1.6594,11.818,115.22,343.67,18.423,7.8064,18.094,80.615,2.2067,51.188,191.34,81.077,103.31,252.61,7.5219,84.958,1.4346,53.504,10.657,108.6,10.701,2.8079,2.9818,92.706,73.267,57.402,81.216,453.33,0.77553,12.222,79.625,520.86,114.56,83.497,0.41485,2.8127,15.869,58.844
ctx-lh-superiortemporal,731.41,3.1803,110.74,39.335,63.425,91.616,421.85,171.07,98.054,259.31,186.87,151.42,81.612,986.25,23.051,11.881,263.18,35.384,54.813,66.63,98.709,22.497,302.91,248.67,3.349,110.62,38.623,263.85,0,1125.3,14.087,223.69,662.35,614.28,5.0411,1.4738,2.6454,3.8105,0.38069,6.1621,30.765,13.291,24.887,13.856,1.3507,6.5462,2.6591,14.51,1.9262,29.914,2.2001,0.46431,1.1795,3.8476,39.022,18.538,7.0767,115.08,0.76967,4.1439,9.9604,108.25,35.417,38.824,0.85867,0.60792,5.6696,17.693
ctx-lh-supramarginal,510.36,3.3662,292.29,3.0072,1.9219,49.724,1494.1,301.09,137.89,36.658,23.1,6.9937,3.4005,581.49,7.8213,60.26,420.1,17.545,59.734,4.8988,1179,75.856,737.17,271.32,0.77903,258.74,60.717,2056.2,1125.3,0,1.0206,13.288,297.97,550.92,7.6099,2.1362,6.3792,1.0826,0.28233,2.8079,32.857,8.2566,32.2,4.2781,2.2247,2.1055,0.50898,17.37,1.777,80.259,3.7064,1.1788,2.4134,1.7673,96.501,27.43,43.308,186.97,0.38069,8.3509,15.079,190.75,50.158,102.06,0.58823,0.44843,8.3117,26.155
ctx-lh-frontalpole,0.58359,27.07,2.4137,0.41485,0.67566,2.2646,2.6416,1.8098,6.9999,2.1196,105.97,4.0466,254.54,7.0706,0.98907,0.71728,3.7725,28.019,14.24,1.3181,0.88055,10.43,1.781,5.6104,62.002,151.56,342.89,1.6594,14.087,1.0206,0,5.762,0,20.744,0.28233,11.596,0.92372,0,0,0,0.48154,0.20412,3.691,0,13.874,0.44843,98.996,0.58359,0.20412,0.38069,0.96309,7.7711,3.1794,0.28233,0.41485,2.6811,0.83297,2.1247,15.448,64.991,91.259,0.69025,0.83297,0.70196,29.478,0.20412,0,2.0283
ctx-lh-temporalpole,5.8196,2.2842,3.6393,3.1065,245.04,189.32,17.051,261.59,6.7631,25.921,88.646,28.817,98.896,92,48.481,0.28233,5.4825,13.035,3.9342,8.9076,1.5323,1.6854,4.1494,12.083,1.9167,25.035,14.515,11.818,223.69,13.288,5.762,0,0.65386,450.04,0.33783,0,0.28233,0.88055,0,2.4639,4.577,0.93153,2.3157,3.7329,1.2504,0.96965,2.5105,1.279,0.20412,0.63702,0.20412,0.28233,0.20412,1.4744,0.28233,0.65801,0.38069,9.5916,0.33783,2.1665,3.4922,4.8805,1.3929,0.97709,0.44233,0,0,1.0417
ctx-lh-transversetemporal,37.594,1.0417,5.8154,4.7531,0.62409,4.5395,103.01,12.026,22.77,15.973,4.3186,1.7688,0.38069,17.788,3.0881,5.5715,46.031,4.1249,9.8355,2.9672,75.126,5.8303,46.655,87.083,0.28233,11.388,10.757,115.22,662.35,297.97,0,0.65386,0,346.69,1.6413,0.73721,0.94409,0.7506,0,0.91683,7.581,4.0745,5.0027,2.3344,0.33783,1.9542,0.20412,3.5689,0.56466,4.96,0.88363,0.44843,0.33783,0.77903,9.9909,4.4719,2.8438,28.233,0.20412,1.3077,3.2878,22.051,9.6815,11.542,0,0,1.8292,4.159
ctx-lh-insula,62.505,48.366,161.75,22.161,141.92,83.834,149.25,78.935,44.029,112.37,416.8,92.905,177.18,226.51,222.18,22.693,530.97,113.67,412.1,34.459,469.84,26.168,510.7,90.058,37.282,337.03,583,343.67,614.28,550.92,20.744,450.04,346.69,0,3.221,11.714,24.819,5.0589,0.28233,4.4816,14.627,5.8258,12.18,13.241,9.169,2.761,36.103,7.8407,0.86811,17.199,9.2704,4.6108,6.3719,3.9554,11.542,9.9556,35.636,56.422,4.7151,30.373,94.546,43.773,13.586,16.208,3.8674,0.38069,2.5676,10.946
ctx-rh-bankssts,0.76139,0.72106,3.7991,0.88363,0.20412,2.6618,4.8122,3.1931,5.6835,3.9377,0.76967,1.4039,0.71094,2.4902,0.87539,3.3783,1.4738,0.33783,0.65386,1.7062,7.3749,2.0851,2.8511,18.472,0.20412,2.1665,9.9447,18.423,5.0411,7.6099,0.28233,0.33783,1.6413,3.221,0,3.4922,73.392,8.4373,0.92861,16.484,1012.1,141.06,21.998,63.361,22.407,15.339,5.1498,992.9,2.0198,6.5129,74.789,21.37,36.931,18.229,16.693,11.568,55.827,33.147,1.0417,71.169,27.568,61.38,905.33,708.78,1.6806,3.0429,23.708,60.499
ctx-rh-caudalanteriorcingulate,0.72232,64.883,54.482,0.28233,0.20412,0.71728,3.1885,1.3593,4.7941,0.6469,18.099,0.71094,67.443,1.1788,0.40825,7.2005,42.862,4.4323,15.123,0.55003,2.8814,7.4113,15.631,6.5141,22.862,88.329,302.7,7.8064,1.4738,2.1362,11.596,0,0.73721,11.714,3.4922,0,88.574,0.69025,1.9542,1.6676,9.0553,2.6123,111.94,1.0826,72.093,1.7688,157.52,6.4667,8.7177,91.973,122.7,8.0537,63.826,0.77903,6.7939,415.95,68.186,126.25,397.59,218.13,1846.8,16.692,7.1128,10.255,11.447,2.5022,1.6676,38.614
ctx-rh-caudalmiddlefrontal,1.5126,32.555,226.94,0.62409,0,2.1865,9.5917,7.3068,6.8504,1.7998,4.4396,0.44233,1.0624,5.244,0.69025,23.455,84.247,3.945,18.332,0.57578,7.8711,23.609,95.555,22.193,1.9927,152.64,407.07,18.094,2.6454,6.3792,0.92372,0.28233,0.94409,24.819,73.392,88.574,0,3.6592,0.92372,37.629,490.2,239.24,4.0358,63.804,11.138,3.7914,4.48,293.22,2.1653,28.524,1380.6,13.528,92.21,2.9672,236,33.335,1686.9,73.77,2.3591,1387.8,1813.7,343.92,39.963,163.01,4.4752,1.3345,2.8842,96.493
ctx-rh-cuneus,0.56466,0.38069,0.78019,53.525,2.8387,32.326,13.256,6.9843,47.691,140.24,0.71094,69.307,0.38069,2.8511,13.598,0.28233,0.20412,0,0,99.437,0.92861,1.0417,0.76967,94.914,0.28233,0.38069,1.1413,80.615,3.8105,1.0826,0,0.88055,0.7506,5.0589,8.4373,0.69025,3.6592,0,5.8527,75.14,68.937,48.944,195.55,1033.9,5.1455,949.57,0.92372,45.557,68.088,0.38069,1.2482,1.694,1.0347,3130.3,1.3825,1.8631,2.9779,937.63,0.20412,2.9608,4.1839,1334.4,48.203,3.2292,1.1887,1.9035,2.7502,18.892
ctx-rh-entorhinal,0,0.20412,0.28233,1.3613,0.33783,1.4421,0.77553,0.53161,1.8158,3.2501,0.20412,6.1596,0.28233,0.20412,1.4446,0.20412,0.20412,0,0,2.4302,0.20412,0,0.20412,1.6854,0,0.44843,0.33783,2.2067,0.38069,0.28233,0,0,0,0.28233,0.92861,1.9542,0.92372,5.8527,0,140.44,4.229,30.984,27.512,12.263,6.3164,11.98,1.9519,5.8778,212.81,0.50898,0.46431,0.28233,0.50898,5.6021,0.20412,2.7475,0.33783,47.805,0.65801,0.8165,5.5873,11.417,12.989,0.70196,0.48154,107.69,0.50898,216.64
ctx-rh-fusiform,0.97709,0.33783,1.2847,21.437,1.1765,22.489,10.321,16.035,16.498,57.263,0.77553,36.044,0.77903,3.6572,7.293,0.97431,0.38069,0,0.20412,29.307,0.88363,1.5948,1.5948,55.005,0,0.83297,2.2742,51.188,6.1621,2.8079,0,2.4639,0.91683,4.4816,16.484,1.6676,37.629,75.14,140.44,0,505.49,1394.5,74.105,1707.4,27.356,1358.4,7.8849,94.455,309.93,2.3266,6.3856,5.2143,4.2253,186.9,15.828,2.603,35.648,133.29,0.65938,30.367,18.524,554.48,58.049,15.404,3.29,151.04,1.8631,91.334
ctx-rh-inferiorparietal,3.967,2.9043,19.309,24.006,0.88363,38.902,91.711,58.151,73.369,72.384,2.6155,29.458,2.8284,22.501,15.615,10.069,5.9265,0.98907,1.588,55.015,18.454,5.7884,23.046,251.19,0.57578,13.787,39.773,191.34,30.765,32.857,0.48154,4.577,7.581,14.627,1012.1,9.0553,490.2,68.937,4.229,505.49,0,987.86,149.32,1790,44.449,120.15,17.471,1586,31.543,19.97,271.47,46.311,141.69,51.016,331.03,24.926,729.45,407.88,1.5108,587.08,169.84,2599.7,413.21,1136,6.2367,14.829,50.237,273.03
ctx-rh-inferiortemporal,1.4421,0.65938,7.9194,18.367,0.63702,29.431,21.238,54.119,26.133,80.007,1.2151,30.916,1.7189,15.793,5.3756,2.7293,2.604,0.28233,0.92861,38.749,4.0825,1.5299,4.6623,106.48,0.50898,3.9652,16.932,81.077,13.291,8.2566,0.20412,0.93153,4.0745,5.8258,141.06,2.6123,239.24,48.944,30.984,1394.5,987.86,0,42.999,1080.2,61.817,241.04,31.878,1596.1,68.605,1.9763,77.259,11.597,45.191,116.27,80.419,7.0644,207.18,126.94,0.97431,224.07,71.894,288.99,111.83,217.95,5.0123,249.57,4.653,161.58
ctx-rh-isthmuscingulate,4.7668,2.0104,3.1413,39.036,2.143,28.123,29.82,30.407,125.69,54.02,5.3541,48.552,14.434,11.518,16.497,8.2088,3.5139,1.5788,1.3981,44.981,13.647,13.702,3.884,118.17,2.7452,8.7351,14.277,103.31,24.887,32.2,3.691,2.3157,5.0027,12.18,21.998,111.94,4.0358,195.55,27.512,74.105,149.32,42.999,0,236.16,16.253,261.05,39.315,42.784,200.35,25.714,19.761,2.6689,10.757,120.4,7.8477,409.8,11.596,1378.7,60.939,24.907,238.83,439.95,130.29,89.671,9.2685,4.0825,19.437,51.892
ctx-rh-lateraloccipital,1.2959,0.97431,1.8098,117.22,4.1485,85.438,36.015,38.216,59.722,527.71,1.0215,182.79,1.1516,9.6473,12.552,1.0598,0.71728,0.28233,0.48154,222.77,1.9667,1.227,2.3495,201.98,0.56466,1.2329,3.3142,252.61,13.856,4.2781,0,3.7329,2.3344,13.241,63.361,1.0826,63.804,1033.9,12.263,1707.4,1790,1080.2,236.16,0,36.825,1355.2,7.037,629.2,68.587,3.6386,13.035,9.9462,4.6927,2328.1,15.437,3.2958,49.505,443.02,0.63702,46.619,25.927,2101.1,369.87,12.292,6.7436,19.531,9.686,180.49
ctx-rh-lateralorbitofrontal,0.38069,16.623,2.4672,0.99909,0.28233,3.2292,2.1669,5.4073,5.1892,3.1482,61.715,1.7892,95.216,1.3345,2.0951,0.65386,2.1602,16.477,9.7979,2.3344,0.6469,5.9744,1.7508,11.111,30.781,58.903,46.668,7.5219,1.3507,2.2247,13.874,1.2504,0.33783,9.169,22.407,72.093,11.138,5.1455,6.3164,27.356,44.449,61.817,16.253,36.825,0,30.516,391.61,130.66,8.4528,2.576,105.69,659.94,445.15,16.623,20.645,17.757,28.809,13.74,136.01,501.43,92.01,17.292,214.45,33.404,164.28,88.03,2.604,545.25
ctx-rh-lingual,0.78019,0.33783,1.0206,45.638,4.138,49.554,16.85,19.594,49.603,142.39,0.97431,91.72,1.3726,8.0405,19.516,0.97709,0.38069,0.38069,0,70.13,1.2847,0.63702,1.4289,78.188,0.28233,1.0072,1.503,84.958,6.5462,2.1055,0.44843,0.96965,1.9542,2.761,15.339,1.7688,3.7914,949.57,11.98,1358.4,120.15,241.04,261.05,1355.2,30.516,0,7.8556,177.88,386.45,0.83297,2.4639,11.178,2.8691,1645.9,1.9106,4.3487,4.0887,515.91,0.76967,23.93,7.5698,409.73,176.27,4.3587,7.5918,17.215,2,92.057
ctx-rh-medialorbitofrontal,0.56466,105.34,2.255,0.50898,0.50898,1.018,0.55003,1.0555,33.725,0.88055,174.57,1.4039,455,2.5018,1.4446,0.33783,2.2634,69.528,16.415,0.88465,0.55003,35.493,1.1025,18.09,139.44,214.1,270.26,1.4346,2.6591,0.50898,98.996,2.5105,0.20412,36.103,5.1498,157.52,4.48,0.92372,1.9519,7.8849,17.471,31.878,39.315,7.037,391.61,7.8556,0,32.107,4.1492,2.4043,3.3813,18.971,5.5404,1.8863,1.1156,49.61,4.5556,26.14,655.03,119.81,734.47,5.7553,103.81,7.6716,273.97,42.824,0.50898,222.87
ctx-rh-middletemporal,2.3278,1.191,14.82,9.2312,0.70196,13.823,18.036,26.443,19.252,34.865,1.329,16.892,1.9927,9.0981,10.125,3.7955,2.8387,0.56466,1.5511,19.29,9.1223,3.426,8.3297,73.221,0.77553,6.0139,26.326,53.504,14.51,17.37,0.58359,1.279,3.5689,7.8407,992.9,6.4667,293.22,45.557,5.8778,94.455,1586,1596.1,42.784,629.2,130.66,177.88,32.107,0,25.114,5.8977,177.72,37.5,153.99,89.157,95.878,12.568,268.19,111.37,1.7173,328.46,76.003,230.16,791.65,620.8,12.45,137.63,12.612,262.45
ctx-rh-parahippocampal,0.40825,0,0.53161,7.3109,1.0624,6.9625,2.2742,1.6934,18.168,10.446,1.0598,21.961,1.8173,1.4346,7.1379,1.0598,0.28233,0.33783,0.28233,14.438,0.8297,0.63702,1.0321,14.688,0.41485,0.77553,1.018,10.657,1.9262,1.777,0.20412,0.20412,0.56466,0.86811,2.0198,8.7177,2.1653,68.088,212.81,309.93,31.543,68.605,200.35,68.587,8.4528,386.45,4.1492,25.114,0,0.57578,2.0834,1.1765,0.87539,50.595,0.77553,17.227,2.1464,171.79,6.2531,3.6888,24.497,100.66,13.087,3.9991,1.191,49.259,1.0901,44.243
ctx-rh-paracentral,4.0316,5.3154,32.593,1.5126,0.60792,1.3453,17.714,5.8345,47.686,1.9927,2.172,1.6594,1.2247,6.613,2.4716,465.71,26.847,1.1971,5.1286,0.86811,133.84,295.26,432.26,125.91,0.93153,15.064,220.69,108.6,29.914,80.259,0.38069,0.63702,4.96,17.199,6.5129,91.973,28.524,0.38069,0.50898,2.3266,19.97,1.9763,25.714,3.6386,2.576,0.83297,2.4043,5.8977,0.57578,0,30.805,4.2883,9.1446,0.76967,763.85,1081.7,1083,947.52,7.746,31.22,992.18,282.02,26.27,111.73,1.4346,0.40825,6.5838,44.067
ctx-rh-parsopercularis,0.88363,29.648,84.866,0.44843,0.20412,1.1788,5.0603,2.1531,2.8814,0.8297,3.0491,0.28233,1.9035,1.327,0.48154,7.5292,56.616,2.0624,17.475,0.44233,4.8745,8.0594,32.037,11.348,3.5054,106.78,257.76,10.701,2.2001,3.7064,0.96309,0.20412,0.88363,9.2704,74.789,122.7,1380.6,1.2482,0.46431,6.3856,271.47,77.259,19.761,13.035,105.69,2.4639,3.3813,177.72,2.0834,30.805,0,118.15,962.24,1.5269,250.53,36.305,1508.4,67.236,3.7096,891.16,653.52,106.04,123.67,417.88,3.2168,0.88465,8.3561,423.43
ctx-rh-parsorbitalis,0.28233,3.6113,4.1369,0.56466,0.20412,0.50898,0.96965,0.41485,1.4238,0.6469,11.332,0.55003,31.575,1.0632,0.38069,0.96309,5.752,18.042,19.265,0.57578,0.88055,1.4939,2.1865,2.7502,13.233,96.023,73.429,2.8079,0.46431,1.1788,7.7711,0.28233,0.44843,4.6108,21.37,8.0537,13.528,1.694,0.28233,5.2143,46.311,11.597,2.6689,9.9462,659.94,11.178,18.971,37.5,1.1765,4.2883,118.15,0,699.54,4.5522,36.523,2.5619,48.173,6.22,17.029,626.44,117.4,9.6053,58.423,72.966,29.001,5.4746,3.5129,168.49
ctx-rh-parstriangularis,0.55003,12.518,18.226,0.20412,0,0.28233,1.1156,0.92861,1.6918,0.28233,4.2917,0.7506,13.122,1.4039,0.33783,3.1714,25.292,7.4596,33.827,0.46431,2.1964,2.4789,5.5035,5.175,14.741,137.12,193.85,2.9818,1.1795,2.4134,3.1794,0.20412,0.33783,6.3719,36.931,63.826,92.21,1.0347,0.50898,4.2253,141.69,45.191,10.757,4.6927,445.15,2.8691,5.5404,153.99,0.87539,9.1446,962.24,699.54,0,1.2091,69.219,18.608,83.679,19.356,19.54,1326.8,428.32,30.743,101.13,113.09,8.5414,1.0072,6.6784,389.44
ctx-rh-pericalcarine,0.87539,0,0.50898,38.296,3.2878,39.559,13.261,13.536,44.412,141.35,0.77903,82.855,0.97709,2.4716,13.635,0.96965,0.53161,0,0.28233,65.353,1.3345,0.97431,0.82423,75.786,0.20412,0.83297,1.0598,92.706,3.8476,1.7673,0.28233,1.4744,0.77903,3.9554,18.229,0.77903,2.9672,3130.3,5.6021,186.9,51.016,116.27,120.4,2328.1,16.623,1645.9,1.8863,89.157,50.595,0.76967,1.5269,4.5522,1.2091,0,1.3181,1.2394,2.3774,424.04,0.58823,7.7318,2.9924,1164,86.177,3.2098,2.5181,8.4467,2.0412,51.222
ctx-rh-postcentral,3.6512,2.5872,12.394,0.72232,0,1.9519,10.066,3.8086,21.505,1.6746,0.99909,1.0495,0.71728,6.6951,2.3495,131.14,9.6548,0.55003,3.0995,1.1025,194.67,42.261,183.96,70.181,0.73721,8.4076,51.011,73.267,39.022,96.501,0.41485,0.28233,9.9909,11.542,16.693,6.7939,236,1.3825,0.20412,15.828,331.03,80.419,7.8477,15.437,20.645,1.9106,1.1156,95.878,0.77553,763.85,250.53,36.523,69.219,1.3181,0,118.18,2678.1,151.59,1.5174,114.83,162,1379.9,80.615,1003.8,1.329,0.97802,46.941,674.68
ctx-rh-posteriorcingulate,2.9927,19.767,75.647,2.0743,0.20412,1.8572,10.383,7.3217,43.785,1.8337,6.9088,1.0321,18.12,8.5388,2.4122,223.21,55.145,1.9035,5.133,1.2394,53.176,133.94,126.87,119.28,5.228,19.733,387.26,57.402,18.538,27.43,2.6811,0.65801,4.4719,9.9556,11.568,415.95,33.335,1.8631,2.7475,2.603,24.926,7.0644,409.8,3.2958,17.757,4.3487,49.61,12.568,17.227,1081.7,36.305,2.5619,18.608,1.2394,118.18,0,235.27,798.46,102.27,55.891,943.41,134.34,45.752,108.63,6.2832,1.1221,9.0497,34.929
ctx-rh-precentral,1.4039,22.129,224.34,1.6011,0.20412,2.3831,28.382,5.7835,27.746,3.0963,3.485,1.3613,1.2938,3.8664,0.72106,453.95,151.42,2.2129,13.045,1.6129,106.75,135.38,822.97,85.679,1.454,41.022,636.88,81.216,7.0767,43.308,0.83297,0.38069,2.8438,35.636,55.827,68.186,1686.9,2.9779,0.33783,35.648,729.45,207.18,11.596,49.505,28.809,4.0887,4.5556,268.19,2.1464,1083,1508.4,48.173,83.679,2.3774,2678.1,235.27,0,211.54,2.5862,547.99,1879.1,711.41,97.455,706.79,3.1851,1.6762,28.62,588.71
ctx-rh-precuneus,16.779,3.6453,30.432,87.95,2.9142,122.87,150.5,179.12,207.89,357.39,8.8333,154.65,12.124,42.32,28.391,113.91,21.759,2.5277,3.753,176.92,177.16,63.032,112.78,606.72,2.1264,17.663,101.44,453.33,115.08,186.97,2.1247,9.5916,28.233,56.422,33.147,126.25,73.77,937.63,47.805,133.29,407.88,126.94,1378.7,443.02,13.74,515.91,26.14,111.37,171.79,947.52,67.236,6.22,19.356,424.04,151.59,798.46,211.54,0,46.963,80.294,585.64,2209.6,226.1,218.44,4.4298,8.0447,37.609,159.65
ctx-rh-rostralanteriorcingulate,0,10.681,1.8411,0,0,0.28233,0.33783,0.65801,5.5319,0.33783,23.9,0.50898,74.204,0.65386,0.44233,0.58359,3.7993,7.7008,9.8245,0.20412,0.28233,3.5005,1.1221,3.0633,47.048,112.43,117.18,0.77553,0.76967,0.38069,15.448,0.33783,0.20412,4.7151,1.0417,397.59,2.3591,0.20412,0.65801,0.65938,1.5108,0.97431,60.939,0.63702,136.01,0.76967,655.03,1.7173,6.2531,7.746,3.7096,17.029,19.54,0.58823,1.5174,102.27,2.5862,46.963,0,137.93,720.74,3.9707,4.3305,1.6413,48.999,3.3941,0.28233,53.097
ctx-rh-rostralmiddlefrontal,1.7315,64.409,127.81,0.53161,0.40825,1.8292,6.507,4.9605,10.931,2.2586,84.153,1.7693,217.56,5.0803,2.2357,11.369,140.65,95.223,163.3,1.6918,5.4797,14.557,34.396,26.911,172.57,714.3,893.05,12.222,4.1439,8.3509,64.991,2.1665,1.3077,30.373,71.169,218.13,1387.8,2.9608,0.8165,30.367,587.08,224.07,24.907,46.619,501.43,23.93,119.81,328.46,3.6888,31.22,891.16,626.44,1326.8,7.7318,114.83,55.891,547.99,80.294,137.93,0,2483.2,123.85,117.52,191.7,194.69,10.371,6.7903,297.05
ctx-rh-superiorfrontal,3.0455,272.44,448.76,1.9486,0.48154,5.2625,32.269,16.688,39.221,6.5359,95.983,2.7819,252.95,10.632,2.4847,198.86,291.47,80.236,188.86,2.039,36.213,295.75,401.76,80.577,206.3,743.71,2077.3,79.625,9.9604,15.079,91.259,3.4922,3.2878,94.546,27.568,1846.8,1813.7,4.1839,5.5873,18.524,169.84,71.894,238.83,25.927,92.01,7.5698,734.47,76.003,24.497,992.18,653.52,117.4,428.32,2.9924,162,943.41,1879.1,585.64,720.74,2483.2,0,384.32,60.309,98.071,288.94,2.2063,6.5342,329.11
ctx-rh-superiorparietal,16.996,2.6973,19.159,82.799,3.8784,103.83,230.9,197.86,206.74,298.57,5.8029,133.2,6.1994,62.119,59.996,79.585,17.354,1.3929,2.9534,218.33,160.57,43.643,79.248,708.97,0.88363,11.019,53.397,520.86,108.25,190.75,0.69025,4.8805,22.051,43.773,61.38,16.692,343.92,1334.4,11.417,554.48,2599.7,288.99,439.95,2101.1,17.292,409.73,5.7553,230.16,100.66,282.02,106.04,9.6053,30.743,1164,1379.9,134.34,711.41,2209.6,3.9707,123.85,384.32,0,292,1567.3,3.266,8.5261,93.793,482.83
ctx-rh-superiortemporal,4.3829,0.85867,5.5166,8.2435,0.62409,14.278,29.662,25.176,41.125,41.799,2.0426,13.294,2.9239,15.273,10.976,18.688,3.2969,0.65386,1.5788,16.609,46.833,8.1025,11.163,138.2,0.9079,6.2796,14.287,114.56,35.417,50.158,0.83297,1.3929,9.6815,13.586,905.33,7.1128,39.963,48.203,12.989,58.049,413.21,111.83,130.29,369.87,214.45,176.27,103.81,791.65,13.087,26.27,123.67,58.423,101.13,86.177,80.615,45.752,97.455,226.1,4.3305,117.52,60.309,292,0,883.6,21.252,234.33,636.79,658.54
ctx-rh-supramarginal,3.9306,1.3772,8.3701,1.2847,0.28233,3.691,20.109,13.463,33.935,5.2309,1.459,2.3344,1.5511,11.378,8.4954,55.337,6.8398,0.63702,2.603,2.271,112.23,23.025,41.404,93.921,0.87539,12.629,25.993,83.497,38.824,102.06,0.70196,0.97709,11.542,16.208,708.78,10.255,163.01,3.2292,0.70196,15.404,1136,217.95,89.671,12.292,33.404,4.3587,7.6716,620.8,3.9991,111.73,417.88,72.966,113.09,3.2098,1003.8,108.63,706.79,218.44,1.6413,191.7,98.071,1567.3,883.6,0,2.6689,2.2357,179.9,741.69
ctx-rh-frontalpole,0.20412,17.924,1.2482,0.20412,0,0.28233,0,0.62409,4.7041,0.33783,48.321,0.44233,119.55,0.93153,0.85867,0.20412,2.4283,26.623,14.011,0.50898,0.33783,6.5705,0.49454,3.2471,37.865,72.738,78.713,0.41485,0.85867,0.58823,29.478,0.44233,0,3.8674,1.6806,11.447,4.4752,1.1887,0.48154,3.29,6.2367,5.0123,9.2685,6.7436,164.28,7.5918,273.97,12.45,1.191,1.4346,3.2168,29.001,8.5414,2.5181,1.329,6.2832,3.1851,4.4298,48.999,194.69,288.94,3.266,21.252,2.6689,0,6.0577,0.28233,31.948
ctx-rh-temporalpole,0,0.50898,0,0.50898,0,2.3464,0.83406,1.6146,1.2329,2.3266,0.62409,1.6011,1.628,0.50898,0.28233,0.40825,0,0,0,1.7508,0.20412,0.20412,0.28233,3.8596,0.69025,0.65801,1.0959,2.8127,0.60792,0.44843,0.20412,0,0,0.38069,3.0429,2.5022,1.3345,1.9035,107.69,151.04,14.829,249.57,4.0825,19.531,88.03,17.215,42.824,137.63,49.259,0.40825,0.88465,5.4746,1.0072,8.4467,0.97802,1.1221,1.6762,8.0447,3.3941,10.371,2.2063,8.5261,234.33,2.2357,6.0577,0,0.48154,391.28
ctx-rh-transversetemporal,1.018,0.48154,1.3345,1.1971,0,2.0782,4.0752,2.5524,3.8653,4.2424,0.33783,1.8371,0.28233,1.9444,0.48154,3.8069,0.57578,0,0.28233,1.9542,11.613,2.6943,3.0916,21.189,0,1.2854,2.3713,15.869,5.6696,8.3117,0,0,1.8292,2.5676,23.708,1.6676,2.8842,2.7502,0.50898,1.8631,50.237,4.653,19.437,9.686,2.604,2,0.50898,12.612,1.0901,6.5838,8.3561,3.5129,6.6784,2.0412,46.941,9.0497,28.62,37.609,0.28233,6.7903,6.5342,93.793,636.79,179.9,0.28233,0.48154,0,293.78
ctx-rh-insula,2.1315,5.7292,25.962,5.3724,0.41485,8.4076,21.673,16.264,14.629,22.504,12.821,10.174,32.045,6.8829,4.1354,17.999,10.147,1.391,4.5634,11.508,21.627,14.412,38.96,91.043,7.3952,27.235,87.321,58.844,17.693,26.155,2.0283,1.0417,4.159,10.946,60.499,38.614,96.493,18.892,216.64,91.334,273.03,161.58,51.892,180.49,545.25,92.057,222.87,262.45,44.243,44.067,423.43,168.49,389.44,51.222,674.68,34.929,588.71,159.65,53.097,297.05,329.11,482.83,658.54,741.69,31.948,391.28,293.78,0