,ctx-lh-bankssts,ctx-lh-caudalanteriorcingulate,ctx-lh-caudalmiddlefrontal,ctx-lh-cuneus,ctx-lh-entorhinal,ctx-lh-fusiform,ctx-lh-inferiorparietal,ctx-lh-inferiortemporal,ctx-lh-isthmuscingulate,ctx-lh-lateraloccipital,ctx-lh-lateralorbitofrontal,ctx-lh-lingual,ctx-lh-medialorbitofrontal,ctx-lh-middletemporal,ctx-lh-parahippocampal,ctx-lh-paracentral,ctx-lh-parsopercularis,ctx-lh-parsorbitalis,ctx-lh-parstriangularis,ctx-lh-pericalcarine,ctx-lh-postcentral,ctx-lh-posteriorcingulate,ctx-lh-precentral,ctx-lh-precuneus,ctx-lh-rostralanteriorcingulate,ctx-lh-rostralmiddlefrontal,ctx-lh-superiorfrontal,ctx-lh-superiorparietal,ctx-lh-superiortemporal,ctx-lh-supramarginal,ctx-lh-frontalpole,ctx-lh-temporalpole,ctx-lh-transversetemporal,ctx-lh-insula,ctx-rh-bankssts,ctx-rh-caudalanteriorcingulate,ctx-rh-caudalmiddlefrontal,ctx-rh-cuneus,ctx-rh-entorhinal,ctx-rh-fusiform,ctx-rh-inferiorparietal,ctx-rh-inferiortemporal,ctx-rh-isthmuscingulate,ctx-rh-lateraloccipital,ctx-rh-lateralorbitofrontal,ctx-rh-lingual,ctx-rh-medialorbitofrontal,ctx-rh-middletemporal,ctx-rh-parahippocampal,ctx-rh-paracentral,ctx-rh-parsopercularis,ctx-rh-parsorbitalis,ctx-rh-parstriangularis,ctx-rh-pericalcarine,ctx-rh-postcentral,ctx-rh-posteriorcingulate,ctx-rh-precentral,ctx-rh-precuneus,ctx-rh-rostralanteriorcingulate,ctx-rh-rostralmiddlefrontal,ctx-rh-superiorfrontal,ctx-rh-superiorparietal,ctx-rh-superiortemporal,ctx-rh-supramarginal,ctx-rh-frontalpole,ctx-rh-temporalpole,ctx-rh-transversetemporal,ctx-rh-insula
ctx-lh-bankssts,0,153.708437,125.7117573,94.22253185,88.92177898,44.50106211,0.365854015,16.2245193,111.3194369,11.79106761,92.31255434,78.36297201,90.74123395,0.133588735,84.24826628,120.9755042,89.62676375,114.3809234,103.0002242,95.46857047,58.03848168,138.4632161,77.58315441,94.60288079,117.1601448,133.7852031,145.0004096,46.47593735,0.26753504,0.16984891,151.7726986,80.87723037,32.72333393,48.81161398,0,0,0,0,0,0,0,0,0,0,0,0,0,0,0,0,0,0,0,0,0,0,0,0,0,0,0,0,0,0,0,0,0,0
ctx-lh-caudalanteriorcingulate,153.708437,0,55.29587171,78.97339683,76.41667994,93.12273915,135.0623298,107.284163,26.35327519,129.3250537,47.46584054,77.60729525,25.70805486,108.6060724,73.72872184,19.72765768,101.318312,88.3477321,96.48036193,79.0788341,61.7301313,0.182815341,42.99979802,46.9506083,0.097461557,53.91038568,0.215767725,75.85983753,77.31311592,116.4879467,46.79609452,77.36514723,106.8006792,60.26552716,0,0,0,0,0,0,0,0,0,0,0,0,0,0,0,0,0,0,0,0,0,0,0,0,0,0,0,0,0,0,0,0,0,0
ctx-lh-caudalmiddlefrontal,125.7117573,55.29587171,0,134.3470936,102.3550469,115.2898652,128.9735669,129.451289,89.88230428,163.7646686,64.12128197,134.7875361,90.90935981,126.4004303,130.9089627,34.64686886,0.344978357,65.69439364,34.75229596,134.4525308,34.43081335,56.6824089,0.129421376,69.99768286,72.93007936,0.25049524,0.183414334,70.70086913,82.19810392,59.15506933,93.09387439,97.69770529,79.50688191,57.19296786,0,0,0,0,0,0,0,0,0,0,0,0,0,0,0,0,0,0,0,0,0,0,0,0,0,0,0,0,0,0,0,0,0,0
ctx-lh-cuneus,94.22253185,78.97339683,134.3470936,0,60.5133792,52.71176699,34.39959868,72.92297288,9.722453075,0.378246679,112.2291228,10.7424658,109.0642986,84.65987584,26.28134785,60.2702976,140.2051438,138.5021218,138.2639892,0.476501383,81.33684069,42.51857623,88.95332769,0.156413276,113.0394147,158.7059778,72.69492465,0.251533631,101.4420469,75.44249801,164.8575221,88.48855839,137.2709677,95.45754651,0,0,0,0,0,0,0,0,0,0,0,0,0,0,0,0,0,0,0,0,0,0,0,0,0,0,0,0,0,0,0,0,0,0
ctx-lh-entorhinal,88.92177898,76.41667994,102.3550469,60.5133792,0,0.146218723,106.4720165,6.267578907,34.59722535,76.81588664,16.33296633,30.49895246,13.16814206,29.09175343,0.733351185,93.33712358,44.85699962,42.60596528,42.8003656,60.05437293,50.58276977,73.58876547,45.33879111,49.80475422,39.62351582,64.94453946,74.90125803,99.18798817,9.102599322,63.795914,77.23197111,0.273317393,42.37579505,0.410824756,0,0,0,0,0,0,0,0,0,0,0,0,0,0,0,0,0,0,0,0,0,0,0,0,0,0,0,0,0,0,0,0,0,0
ctx-lh-fusiform,44.50106211,93.12273915,115.2898652,52.71176699,0.146218723,0,37.90030617,0.182615067,26.61318556,0.215771757,32.67463139,0.077769561,29.87420127,12.87329136,0.141465952,85.79875682,57.79974551,58.14153793,56.44094571,41.65233116,63.3828961,66.05039872,58.27246536,41.49142978,56.32957503,80.90295465,91.60731724,73.83674278,17.99897174,75.0462258,93.31771793,0.758806718,54.43927871,15.63410031,0,0,0,0,0,0,0,0,0,0,0,0,0,0,0,0,0,0,0,0,0,0,0,0,0,0,0,0,0,0,0,0,0,0
ctx-lh-inferiorparietal,0.365854015,135.0623298,128.9735669,34.39959868,106.4720165,37.90030617,0,9.095205287,75.28938716,0.256716253,114.9630831,59.98432537,113.703482,0.133206563,89.94731636,73.11801919,100.2346044,136.4024745,116.5173929,49.03360748,52.45393426,88.85053164,83.96087124,32.73113748,140.1223928,144.3930438,111.1124804,0.074775377,5.20832757,0.102198967,174.2351819,103.8691007,53.01222272,59.41945466,0,0,0,0,0,0,0,0,0,0,0,0,0,0,0,0,0,0,0,0,0,0,0,0,0,0,0,0,0,0,0,0,0,0
ctx-lh-inferiortemporal,16.2245193,107.284163,129.451289,72.92297288,6.267578907,0.182615067,9.095205287,0,46.88042075,0.318306007,46.83605527,31.99349523,44.03562515,0.059863442,7.578123757,105.9730391,71.96116939,72.30296181,70.60236958,62.72806179,77.54431998,86.22468095,72.43388923,61.75866498,70.49099891,95.06437853,105.7687411,72.45523976,16.40530437,46.91471944,107.4791418,0.546931156,57.1133948,29.79552418,0,0,0,0,0,0,0,0,0,0,0,0,0,0,0,0,0,0,0,0,0,0,0,0,0,0,0,0,0,0,0,0,0,0
ctx-lh-isthmuscingulate,111.3194369,26.35327519,89.88230428,9.722453075,34.59722535,26.61318556,75.28938716,46.88042075,0,58.5996593,86.31296897,0.364805623,83.1481447,82.18900088,0.54749108,15.28999169,114.28899,112.5859679,112.3478353,9.757233354,37.01309419,0.241170827,43.97302178,0.159116087,60.41029934,112.1943482,28.2374138,31.50195848,75.52589301,84.55237468,112.2547589,62.57240453,111.3548138,69.54139266,0,0,0,0,0,0,0,0,0,0,0,0,0,0,0,0,0,0,0,0,0,0,0,0,0,0,0,0,0,0,0,0,0,0
ctx-lh-lateraloccipital,11.79106761,129.3250537,163.7646686,0.378246679,76.81588664,0.215771757,0.256716253,0.318306007,58.5996593,0,130.8265387,0.188796201,127.7525382,0.207648871,46.25777415,102.1050492,127.6796751,156.2934452,143.9624635,0.325916556,96.091393,92.9388621,113.494303,27.85152601,154.2079119,171.8381144,123.0465815,0.266437938,36.95444563,42.47532452,191.4696252,100.8214341,76.40722167,86.8645253,0,0,0,0,0,0,0,0,0,0,0,0,0,0,0,0,0,0,0,0,0,0,0,0,0,0,0,0,0,0,0,0,0,0
ctx-lh-lateralorbitofrontal,92.31255434,47.46584054,64.12128197,112.2291228,16.33296633,32.67463139,114.9630831,46.83605527,86.31296897,130.8265387,0,83.5379467,0.190192298,47.77517126,52.25607084,108.4467616,8.50312099,0.216596509,0.158721895,111.7701165,37.81279543,81.17646592,25.28406998,101.5204978,12.54896833,0.34652946,26.22223097,127.8054281,16.30065499,57.31340568,0.87383676,16.79925906,45.09861705,0.197705939,0,0,0,0,0,0,0,0,0,0,0,0,0,0,0,0,0,0,0,0,0,0,0,0,0,0,0,0,0,0,0,0,0,0
ctx-lh-lingual,78.36297201,77.60729525,134.7875361,10.7424658,30.49895246,0.077769561,59.98432537,31.99349523,0.364805623,0.188796201,83.5379467,0,80.37312243,59.16795026,0.293772645,62.74460342,111.5139677,109.8109456,109.5728131,0.389065796,84.48343474,42.99624532,91.43321824,0.148967848,106.8284962,132.1495198,73.13536717,37.92513443,72.74446434,109.0629559,144.4369515,57.77836871,108.5797915,66.76637039,0,0,0,0,0,0,0,0,0,0,0,0,0,0,0,0,0,0,0,0,0,0,0,0,0,0,0,0,0,0,0,0,0,0
ctx-lh-medialorbitofrontal,90.74123395,25.70805486,90.90935981,109.0642986,13.16814206,29.87420127,113.703482,44.03562515,83.1481447,127.7525382,0.190192298,80.37312243,0,45.59707214,49.09124658,86.81597654,46.3098965,31.22155455,38.69626737,108.6052923,52.05175517,61.68833351,46.7934305,98.35567358,0.139932827,8.035732443,0.242862825,139.2005666,14.30411566,65.29500792,0.378314947,14.18491496,44.07981543,0.79364746,0,0,0,0,0,0,0,0,0,0,0,0,0,0,0,0,0,0,0,0,0,0,0,0,0,0,0,0,0,0,0,0,0,0
ctx-lh-middletemporal,0.133588735,108.6060724,126.4004303,84.65987584,29.09175343,12.87329136,0.133206563,0.059863442,82.18900088,0.207648871,47.77517126,59.16795026,45.59707214,0,43.39147957,138.2021014,68.91623169,71.25433733,69.45718164,80.74550935,59.5742349,121.180541,69.36815839,97.36823569,72.01656015,95.02965192,107.0906505,62.24456019,0.067764546,28.32927735,107.9739063,0.827119839,26.71000264,31.48366352,0,0,0,0,0,0,0,0,0,0,0,0,0,0,0,0,0,0,0,0,0,0,0,0,0,0,0,0,0,0,0,0,0,0
ctx-lh-parahippocampal,84.24826628,73.72872184,130.9089627,26.28134785,0.733351185,0.141465952,89.94731636,7.578123757,0.54749108,46.25777415,52.25607084,0.293772645,49.09124658,43.39147957,0,58.86603,80.23209184,78.52906979,78.2909372,25.07283008,80.60486132,39.1176719,80.71326045,14.74423229,75.54662034,100.867644,69.25679375,65.02151428,41.46899489,99.10857782,113.1550756,26.33931575,77.29791568,35.48449453,0,0,0,0,0,0,0,0,0,0,0,0,0,0,0,0,0,0,0,0,0,0,0,0,0,0,0,0,0,0,0,0,0,0
ctx-lh-paracentral,120.9755042,19.72765768,34.64686886,60.2702976,93.33712358,85.79875682,73.11801919,105.9730391,15.28999169,102.1050492,108.4467616,62.74460342,86.81597654,138.2021014,58.86603,0,87.05529357,145.3999446,119.1293838,60.40842441,0.540851234,0.115357828,0.594773293,0.240298309,60.20577103,68.03580335,0.12790417,4.412141867,112.7265803,48.67484402,107.9016681,121.3123028,125.8976864,121.2464483,0,0,0,0,0,0,0,0,0,0,0,0,0,0,0,0,0,0,0,0,0,0,0,0,0,0,0,0,0,0,0,0,0,0
ctx-lh-parsopercularis,89.62676375,101.318312,0.344978357,140.2051438,44.85699962,57.79974551,100.2346044,71.96116939,114.28899,127.6796751,8.50312099,111.5139677,46.3098965,68.91623169,80.23209184,87.05529357,0,30.31171494,0.178119172,139.7461375,13.56043525,102.7048491,0.291122615,113.2257508,70.408682,0.214093301,40.04688257,95.95956152,33.37379214,31.25209684,83.97141499,40.20858301,36.2586765,0.211740407,0,0,0,0,0,0,0,0,0,0,0,0,0,0,0,0,0,0,0,0,0,0,0,0,0,0,0,0,0,0,0,0,0,0
ctx-lh-parsorbitalis,114.3809234,88.3477321,65.69439364,138.5021218,42.60596528,58.14153793,136.4024745,72.30296181,112.5859679,156.2934452,0.216596509,109.8109456,31.22155455,71.25433733,78.52906979,145.3999446,30.31171494,0,0.553078123,138.0431155,63.9050361,122.0583575,51.37631065,127.7934968,53.06262913,0.246578554,39.36204409,153.8976688,39.28424483,83.41482427,27.24886902,41.39847203,66.53800846,19.19001014,0,0,0,0,0,0,0,0,0,0,0,0,0,0,0,0,0,0,0,0,0,0,0,0,0,0,0,0,0,0,0,0,0,0
ctx-lh-parstriangularis,103.0002242,96.48036193,34.75229596,138.2639892,42.8003656,56.44094571,116.5173929,70.60236958,112.3478353,143.9624635,0.158721895,109.5728131,38.69626737,69.45718164,78.2909372,119.1293838,0.178119172,0.553078123,0,137.8049829,29.84322371,127.1040467,17.24377796,127.5553642,61.19525896,0.09084816,43.91349948,119.8358564,37.34307604,49.39825155,50.2251761,39.6978798,51.74691331,0.164946852,0,0,0,0,0,0,0,0,0,0,0,0,0,0,0,0,0,0,0,0,0,0,0,0,0,0,0,0,0,0,0,0,0,0
ctx-lh-pericalcarine,95.46857047,79.0788341,134.4525308,0.476501383,60.05437293,41.65233116,49.03360748,62.72806179,9.757233354,0.325916556,111.7701165,0.389065796,108.6052923,80.74550935,25.07283008,60.40842441,139.7461375,138.0431155,137.8049829,0,81.47506424,42.65670304,89.0914545,0.229523415,113.144852,158.8114151,72.80036191,21.22173947,100.9830406,105.2944951,164.9629594,88.02955211,136.8119614,94.99854024,0,0,0,0,0,0,0,0,0,0,0,0,0,0,0,0,0,0,0,0,0,0,0,0,0,0,0,0,0,0,0,0,0,0
ctx-lh-postcentral,58.03848168,61.7301313,34.43081335,81.33684069,50.58276977,63.3828961,52.45393426,77.54431998,37.01309419,96.091393,37.81279543,84.48343474,52.05175517,59.5742349,80.60486132,0.540851234,13.56043525,63.9050361,29.84322371,81.47506424,0,28.98287355,0.12437094,0.703517239,78.4297769,47.96549067,26.56954637,0.300867261,9.922797428,0.155618154,110.7402806,45.66292455,7.758494503,0.242867291,0,0,0,0,0,0,0,0,0,0,0,0,0,0,0,0,0,0,0,0,0,0,0,0,0,0,0,0,0,0,0,0,0,0
ctx-lh-posteriorcingulate,138.4632161,0.182815341,56.6824089,42.51857623,73.58876547,66.05039872,88.85053164,86.22468095,0.241170827,92.9388621,81.17646592,42.99624532,61.68833351,121.180541,39.1176719,0.115357828,102.7048491,122.0583575,127.1040467,42.65670304,28.98287355,0,32.24548294,0.348238202,33.29750196,76.72607011,0.218962381,30.91054791,111.0237413,77.50589684,84.64475783,101.5639447,140.5113046,93.97615254,0,0,0,0,0,0,0,0,0,0,0,0,0,0,0,0,0,0,0,0,0,0,0,0,0,0,0,0,0,0,0,0,0,0
ctx-lh-precentral,77.58315441,42.99979802,0.129421376,88.95332769,45.33879111,58.27246536,83.96087124,72.43388923,43.97302178,113.494303,25.28406998,91.43321824,46.7934305,69.36815839,80.71326045,0.594773293,0.291122615,51.37631065,17.24377796,89.0914545,0.12437094,32.24548294,0,13.97266788,73.17145223,12.51606678,0.234120961,14.75784096,27.7435231,14.44479328,105.3559744,40.67576612,24.82813427,0.128433692,0,0,0,0,0,0,0,0,0,0,0,0,0,0,0,0,0,0,0,0,0,0,0,0,0,0,0,0,0,0,0,0,0,0
ctx-lh-precuneus,94.60288079,46.9506083,69.99768286,0.156413276,49.80475422,41.49142978,32.73113748,61.75866498,0.159116087,27.85152601,101.5204978,0.148967848,98.35567358,97.36823569,14.74423229,0.240298309,113.2257508,127.7934968,127.5553642,0.229523415,0.703517239,0.348238202,13.97266788,0,82.73817624,108.2390121,27.71209763,0.286450128,90.73342189,46.7775669,133.5175444,77.77993341,124.0004093,84.74892154,0,0,0,0,0,0,0,0,0,0,0,0,0,0,0,0,0,0,0,0,0,0,0,0,0,0,0,0,0,0,0,0,0,0
ctx-lh-rostralanteriorcingulate,117.1601448,0.097461557,72.93007936,113.0394147,39.62351582,56.32957503,140.1223928,70.49099891,60.41029934,154.2079119,12.54896833,106.8284962,0.139932827,72.01656015,75.54662034,60.20577103,70.408682,53.06262913,61.19525896,113.144852,78.4297769,33.29750196,73.17145223,82.73817624,0,36.64656577,0.163288019,114.5252118,40.72360367,91.67302966,26.4501247,40.64028873,70.45813436,24.90445415,0,0,0,0,0,0,0,0,0,0,0,0,0,0,0,0,0,0,0,0,0,0,0,0,0,0,0,0,0,0,0,0,0,0
ctx-lh-rostralmiddlefrontal,133.7852031,53.91038568,0.25049524,158.7059778,64.94453946,80.90295465,144.3930438,95.06437853,112.1943482,171.8381144,0.34652946,132.1495198,8.035732443,95.02965192,100.867644,68.03580335,0.214093301,0.246578554,0.09084816,158.8114151,47.96549067,76.72607011,12.51606678,108.2390121,36.64656577,0,0.192283942,108.9421983,63.26912536,68.48764556,0.251147131,64.85951102,85.94058816,44.87202909,0,0,0,0,0,0,0,0,0,0,0,0,0,0,0,0,0,0,0,0,0,0,0,0,0,0,0,0,0,0,0,0,0,0
ctx-lh-superiorfrontal,145.0004096,0.215767725,0.183414334,72.69492465,74.90125803,91.60731724,111.1124804,105.7687411,28.2374138,123.0465815,26.22223097,73.13536717,0.242862825,107.0906505,69.25679375,0.12790417,40.04688257,39.36204409,43.91349948,72.80036191,26.56954637,0.218962381,0.234120961,27.71209763,0.163288019,0.192283942,0,41.95323672,75.79769401,78.7807383,0.255731386,75.84972532,105.2852573,58.75010525,0,0,0,0,0,0,0,0,0,0,0,0,0,0,0,0,0,0,0,0,0,0,0,0,0,0,0,0,0,0,0,0,0,0
ctx-lh-superiorparietal,46.47593735,75.85983753,70.70086913,0.251533631,99.18798817,73.83674278,0.074775377,72.45523976,31.50195848,0.266437938,127.8054281,37.92513443,139.2005666,62.24456019,65.02151428,4.412141867,95.95956152,153.8976688,119.8358564,21.22173947,0.300867261,30.91054791,14.75784096,0.286450128,114.5252118,108.9421983,41.95323672,0,46.36466032,0.324509989,160.2862581,127.1631674,75.34958298,75.50794415,0,0,0,0,0,0,0,0,0,0,0,0,0,0,0,0,0,0,0,0,0,0,0,0,0,0,0,0,0,0,0,0,0,0
ctx-lh-superiortemporal,0.26753504,77.31311592,82.19810392,101.4420469,9.102599322,17.99897174,5.20832757,16.40530437,75.52589301,36.95444563,16.30065499,72.74446434,14.30411566,0.067764546,41.46899489,112.7265803,33.37379214,39.28424483,37.34307604,100.9830406,9.922797428,111.0237413,27.7435231,90.73342189,40.72360367,63.26912536,75.79769401,46.36466032,0,0.15102504,76.40046816,0.246856937,0.133382967,0.15920052,0,0,0,0,0,0,0,0,0,0,0,0,0,0,0,0,0,0,0,0,0,0,0,0,0,0,0,0,0,0,0,0,0,0
ctx-lh-supramarginal,0.16984891,116.4879467,59.15506933,75.44249801,63.795914,75.0462258,0.102198967,46.91471944,84.55237468,42.47532452,57.31340568,109.0629559,65.29500792,28.32927735,99.10857782,48.67484402,31.25209684,83.41482427,49.39825155,105.2944951,0.155618154,77.50589684,14.44479328,46.7775669,91.67302966,68.48764556,78.7807383,0.324509989,0.15102504,0,124.3777264,58.00696125,0.926332733,0.348951577,0,0,0,0,0,0,0,0,0,0,0,0,0,0,0,0,0,0,0,0,0,0,0,0,0,0,0,0,0,0,0,0,0,0
ctx-lh-frontalpole,151.7726986,46.79609452,93.09387439,164.8575221,77.23197111,93.31771793,174.2351819,107.4791418,112.2547589,191.4696252,0.87383676,144.4369515,0.378314947,107.9739063,113.1550756,107.9016681,83.97141499,27.24886902,50.2251761,164.9629594,110.7402806,84.64475783,105.3559744,133.5175444,26.4501247,0.251147131,0.255731386,160.2862581,76.40046816,124.3777264,0,77.41172523,104.3707158,59.49889077,0,0,0,0,0,0,0,0,0,0,0,0,0,0,0,0,0,0,0,0,0,0,0,0,0,0,0,0,0,0,0,0,0,0
ctx-lh-temporalpole,80.87723037,77.36514723,97.69770529,88.48855839,0.273317393,0.758806718,103.8691007,0.546931156,62.57240453,100.8214341,16.79925906,57.77836871,14.18491496,0.827119839,26.33931575,121.3123028,40.20858301,41.39847203,39.6978798,88.02955211,45.66292455,101.5639447,40.67576612,77.77993341,40.64028873,64.85951102,75.84972532,127.1631674,0.246856937,58.00696125,77.41172523,0,35.87077595,0.547946672,0,0,0,0,0,0,0,0,0,0,0,0,0,0,0,0,0,0,0,0,0,0,0,0,0,0,0,0,0,0,0,0,0,0
ctx-lh-transversetemporal,32.72333393,106.8006792,79.50688191,137.2709677,42.37579505,54.43927871,53.01222272,57.1133948,111.3548138,76.40722167,45.09861705,108.5797915,44.07981543,26.71000264,77.29791568,125.8976864,36.2586765,66.53800846,51.74691331,136.8119614,7.758494503,140.5113046,24.82813427,124.0004093,70.45813436,85.94058816,105.2852573,75.34958298,0.133382967,0.926332733,104.3707158,35.87077595,0,0.138801137,0,0,0,0,0,0,0,0,0,0,0,0,0,0,0,0,0,0,0,0,0,0,0,0,0,0,0,0,0,0,0,0,0,0
ctx-lh-insula,48.81161398,60.26552716,57.19296786,95.45754651,0.410824756,15.63410031,59.41945466,29.79552418,69.54139266,86.8645253,0.197705939,66.76637039,0.79364746,31.48366352,35.48449453,121.2464483,0.211740407,19.19001014,0.164946852,94.99854024,0.242867291,93.97615254,0.128433692,84.74892154,24.90445415,44.87202909,58.75010525,75.50794415,0.15920052,0.348951577,59.49889077,0.547946672,0.138801137,0,0,0,0,0,0,0,0,0,0,0,0,0,0,0,0,0,0,0,0,0,0,0,0,0,0,0,0,0,0,0,0,0,0,0
ctx-rh-bankssts,0,0,0,0,0,0,0,0,0,0,0,0,0,0,0,0,0,0,0,0,0,0,0,0,0,0,0,0,0,0,0,0,0,0,0,151.7664896,124.7315402,113.3978112,92.2483751,59.0453733,0.258107695,27.72296424,124.5427948,41.62057086,86.95600586,87.64155227,102.5032528,0.341456337,93.59401449,111.8687094,87.83607553,109.3609539,103.9303032,115.4318866,51.67853994,142.9833877,76.89407252,105.8518871,119.3451488,134.9867717,134.6322778,53.68013009,0.401176537,0.408910795,150.0664275,82.35313375,38.09932526,46.95613528
ctx-rh-caudalanteriorcingulate,0,0,0,0,0,0,0,0,0,0,0,0,0,0,0,0,0,0,0,0,0,0,0,0,0,0,0,0,0,0,0,0,0,0,151.7664896,0,47.93367519,80.82182922,77.12861087,89.858875,133.0162202,91.29189642,33.09046077,128.9900196,47.19750623,75.18865324,27.42434326,102.0352567,74.03997244,17.35808191,93.82001449,84.53522952,94.23359174,80.89987981,56.97951223,0.099613192,40.62804565,44.45599266,0.098465455,47.08632758,0.130968779,69.86100189,75.03135836,115.2425789,51.89100758,73.39766732,106.1318432,62.20498723
ctx-rh-caudalmiddlefrontal,0,0,0,0,0,0,0,0,0,0,0,0,0,0,0,0,0,0,0,0,0,0,0,0,0,0,0,0,0,0,0,0,0,0,124.7315402,47.93367519,0,139.1449882,113.7529175,124.7508291,115.5471991,126.1622957,92.07134972,173.2406149,70.09037419,134.3347318,79.46036112,132.2523618,133.7329938,37.74535454,0.236095518,69.53699545,28.0862496,139.2230388,38.17680439,55.10967093,0.066175827,70.25714219,56.6965743,0.25309716,0.179354668,72.19882468,99.46327417,70.44893292,85.9497591,107.3704095,93.82756596,64.23380024
ctx-rh-cuneus,0,0,0,0,0,0,0,0,0,0,0,0,0,0,0,0,0,0,0,0,0,0,0,0,0,0,0,0,0,0,0,0,0,0,113.3978112,80.82182922,139.1449882,0,59.90107318,50.11688512,36.76990585,75.72091053,11.54798612,0.407809045,101.9541161,8.351318681,117.368274,86.85543913,27.79849495,66.2639407,138.4778486,130.6533188,134.6936377,0.335756281,86.2963388,47.77954585,98.87910462,0.217301163,115.2451482,149.9755072,78.95370525,0.545910741,98.27469491,90.79513986,169.3204456,87.04190861,135.2922931,91.9941945
ctx-rh-entorhinal,0,0,0,0,0,0,0,0,0,0,0,0,0,0,0,0,0,0,0,0,0,0,0,0,0,0,0,0,0,0,0,0,0,0,92.2483751,77.12861087,113.7529175,59.90107318,0,0.234201565,105.1583012,5.662771758,29.98638056,65.86167263,12.28751715,28.25656447,27.70167505,20.2977934,0.835035473,91.10164875,49.75133152,41.36216488,45.95025818,59.0050913,52.36607717,70.58706671,52.11021032,45.77779448,44.70727005,70.00896706,77.65643506,92.90693638,11.33149013,63.73350474,79.75970489,0.405474436,46.79755103,3.562305373
ctx-rh-fusiform,0,0,0,0,0,0,0,0,0,0,0,0,0,0,0,0,0,0,0,0,0,0,0,0,0,0,0,0,0,0,0,0,0,0,59.0453733,89.858875,124.7508291,50.11688512,0.234201565,0,35.17715302,0.182311827,28.73777363,0.24739053,25.11976362,0.156514258,40.45199685,15.86772311,0.093163031,89.85304182,60.74924309,53.14745335,56.96503218,34.36191808,63.03667888,69.33845977,62.82376815,44.46568038,57.43753418,82.08232466,90.38669919,74.38623503,19.25388939,74.36973159,91.83306249,0.250990432,57.23911429,14.69109528
ctx-rh-inferiorparietal,0,0,0,0,0,0,0,0,0,0,0,0,0,0,0,0,0,0,0,0,0,0,0,0,0,0,0,0,0,0,0,0,0,0,0.258107695,133.0162202,115.5471991,36.76990585,105.1583012,35.17715302,0,11.8270872,79.40085838,0.433231728,100.8291366,51.49199533,116.3763836,0.323870049,81.36263923,68.99736195,96.19532543,123.2340846,112.2895531,44.70241349,32.55708992,91.70474566,74.13313021,35.1490379,133.2182795,126.6370528,99.72985798,0.186334651,7.906141793,0.232807591,163.9395582,97.11101981,47.69866623,55.31538518
ctx-rh-inferiortemporal,0,0,0,0,0,0,0,0,0,0,0,0,0,0,0,0,0,0,0,0,0,0,0,0,0,0,0,0,0,0,0,0,0,0,27.72296424,91.29189642,126.1622957,75.72091053,5.662771758,0.182311827,11.8270872,0,45.81241982,0.233241507,26.55278503,30.88601148,41.88501827,0.050093116,9.251264375,106.927688,62.16070972,54.55891998,58.37649881,62.31981248,64.36588964,86.41310596,64.1529789,61.58622255,58.87055559,83.50008927,91.81972061,76.18696762,16.60597357,64.14216412,93.2508271,0.248666392,58.56832504,16.12411669
ctx-rh-isthmuscingulate,0,0,0,0,0,0,0,0,0,0,0,0,0,0,0,0,0,0,0,0,0,0,0,0,0,0,0,0,0,0,0,0,0,0,124.5427948,33.09046077,92.07134972,11.54798612,29.98638056,28.73777363,79.40085838,45.81241982,0,59.45048276,72.03942352,0.258427787,87.45358142,77.7920368,0.126826931,15.44652325,108.563156,100.7386262,104.7789451,11.36034301,43.11745961,0.252939804,49.89906043,0.143899513,67.52166882,102.3247068,31.88006677,37.88064881,68.36000229,94.71561377,124.4139472,57.12721599,105.3776005,62.07950188
ctx-rh-lateraloccipital,0,0,0,0,0,0,0,0,0,0,0,0,0,0,0,0,0,0,0,0,0,0,0,0,0,0,0,0,0,0,0,0,0,0,41.62057086,128.9900196,173.2406149,0.407809045,65.86167263,0.24739053,0.433231728,0.233241507,59.45048276,0,114.1044681,0.116744186,129.4367014,0.293176912,42.06601066,103.6974343,149.7515765,142.1414497,145.9673656,0.253606288,100.867517,95.94773619,115.7639002,29.57793455,146.4222387,171.0699123,127.1218956,0.189144689,60.83316935,67.29796869,180.8206501,89.15924291,104.0380534,103.6757998
ctx-rh-lateralorbitofrontal,0,0,0,0,0,0,0,0,0,0,0,0,0,0,0,0,0,0,0,0,0,0,0,0,0,0,0,0,0,0,0,0,0,0,86.95600586,47.19750623,70.09037419,101.9541161,12.28751715,25.11976362,100.8291366,26.55278503,72.03942352,114.1044681,0,71.45708958,0.243935425,38.02726094,42.86017499,107.1812913,3.223030273,0.252730906,0.256095344,101.0581343,33.82523407,81.92480012,21.65161021,87.83083743,14.80180589,0.250685599,24.50203001,126.291554,11.02955206,49.96419094,0.460553571,8.877947913,41.32135948,0.144483877
ctx-rh-lingual,0,0,0,0,0,0,0,0,0,0,0,0,0,0,0,0,0,0,0,0,0,0,0,0,0,0,0,0,0,0,0,0,0,0,87.64155227,75.18865324,134.3347318,8.351318681,28.25656447,0.156514258,51.49199533,30.88601148,0.258427787,0.116744186,71.45708958,0,86.87124748,55.45772375,0.401043994,61.64439199,107.9808221,100.1562923,104.1966111,0.442672476,88.82046474,42.19598313,95.76053251,0.312490085,103.8768136,129.0726812,74.14344883,33.69503418,67.77766834,121.9258839,138.8234191,56.54488204,104.7952666,61.49716794
ctx-rh-medialorbitofrontal,0,0,0,0,0,0,0,0,0,0,0,0,0,0,0,0,0,0,0,0,0,0,0,0,0,0,0,0,0,0,0,0,0,0,102.5032528,27.42434326,79.46036112,117.368274,27.70167505,40.45199685,116.3763836,41.88501827,87.45358142,129.4367014,0.243935425,86.87124748,0,52.69537771,58.27433289,86.3912541,55.70137178,27.20235515,46.73258781,116.4722922,60.89964938,62.57914832,60.18320117,103.2449953,0.272300123,13.16800223,0.149214727,138.7645473,25.6914794,72.32360327,0.26784449,24.05778837,56.86860647,12.9335159
ctx-rh-middletemporal,0,0,0,0,0,0,0,0,0,0,0,0,0,0,0,0,0,0,0,0,0,0,0,0,0,0,0,0,0,0,0,0,0,0,0.341456337,102.0352567,132.2523618,86.85543913,20.2977934,15.86772311,0.323870049,0.050093116,77.7920368,0.293176912,38.02726094,55.45772375,52.69537771,0,42.37235569,131.8660378,68.2507758,63.90830568,65.74624206,76.38483801,66.74139061,118.3927229,68.86357007,93.58345071,69.61391585,93.69034065,102.5612121,59.35413945,0.167556865,30.34156879,103.4410785,0.497051423,30.80952847,26.97996076
ctx-rh-parahippocampal,0,0,0,0,0,0,0,0,0,0,0,0,0,0,0,0,0,0,0,0,0,0,0,0,0,0,0,0,0,0,0,0,0,0,93.59401449,74.03997244,133.7329938,27.79849495,0.835035473,0.093163031,81.36263923,9.251264375,0.126826931,42.06601066,42.86017499,0.401043994,58.27433289,42.37235569,0,61.56188437,79.38390747,71.55937769,75.59969656,26.35697792,81.99591658,41.04730232,81.74278627,13.50330255,75.27989904,100.4757666,73.5417109,61.90729979,39.18075375,93.32896929,110.2265045,27.32258279,76.19835199,32.90025335
ctx-rh-paracentral,0,0,0,0,0,0,0,0,0,0,0,0,0,0,0,0,0,0,0,0,0,0,0,0,0,0,0,0,0,0,0,0,0,0,111.8687094,17.35808191,37.74535454,66.2639407,91.10164875,89.85304182,68.99736195,106.927688,15.44652325,103.6974343,107.1812913,61.64439199,86.3912541,131.8660378,61.56188437,0,85.51284085,144.5190146,111.8196104,66.40749827,0.581066524,0.21731457,0.423201801,0.236356362,57.9375608,67.46442195,0.340674911,3.144327397,105.7430717,53.48473079,109.7222249,118.2424842,120.2351466,119.6952958
ctx-rh-parsopercularis,0,0,0,0,0,0,0,0,0,0,0,0,0,0,0,0,0,0,0,0,0,0,0,0,0,0,0,0,0,0,0,0,0,0,87.83607553,93.82001449,0.236095518,138.4778486,49.75133152,60.74924309,96.19532543,62.16070972,108.563156,149.7515765,3.223030273,107.9808221,55.70137178,68.2507758,79.38390747,85.51284085,0,17.57767502,0.250310409,137.5818667,13.31598266,101.2569623,0.173163613,112.8230104,72.44719784,0.274428948,45.26374198,93.49099725,34.9247674,29.50588921,85.3130433,43.36882345,38.17657526,0.105600417
ctx-rh-parsorbitalis,0,0,0,0,0,0,0,0,0,0,0,0,0,0,0,0,0,0,0,0,0,0,0,0,0,0,0,0,0,0,0,0,0,0,109.3609539,84.53522952,69.53699545,130.6533188,41.36216488,53.14745335,123.2340846,54.55891998,100.7386262,142.1414497,0.252730906,100.1562923,27.20235515,63.90830568,71.55937769,144.5190146,17.57767502,0,0.262790971,129.757337,44.95071908,119.2625234,33.04893144,116.5300401,52.1138887,0.354068086,35.12046529,138.0621933,34.08559982,61.0527704,16.28812042,36.08052169,62.81828782,6.310088559
ctx-rh-parstriangularis,0,0,0,0,0,0,0,0,0,0,0,0,0,0,0,0,0,0,0,0,0,0,0,0,0,0,0,0,0,0,0,0,0,0,103.9303032,94.23359174,28.0862496,134.6936377,45.95025818,56.96503218,112.2895531,58.37649881,104.7789451,145.9673656,0.256095344,104.1966111,46.73258781,65.74624206,75.59969656,111.8196104,0.250310409,0.262790971,0,133.7976558,29.28226706,113.9133316,15.96171466,120.570359,63.47066553,0.131702861,43.38152704,112.8583671,35.92353621,45.61377219,48.88434438,39.88768882,54.26808304,0.25880207
ctx-rh-pericalcarine,0,0,0,0,0,0,0,0,0,0,0,0,0,0,0,0,0,0,0,0,0,0,0,0,0,0,0,0,0,0,0,0,0,0,115.4318866,80.89987981,139.2230388,0.335756281,59.0050913,34.36191808,44.70241349,62.31981248,11.36034301,0.253606288,101.0581343,0.442672476,116.4722922,76.38483801,26.35697792,66.40749827,137.5818667,129.757337,133.7976558,0,93.56767288,47.85759645,100.5077406,0.216426003,115.3231988,150.0535577,79.03175585,21.54172207,97.37871302,117.5314134,168.4244637,86.14592672,134.3963113,91.09821262
ctx-rh-postcentral,0,0,0,0,0,0,0,0,0,0,0,0,0,0,0,0,0,0,0,0,0,0,0,0,0,0,0,0,0,0,0,0,0,0,51.67853994,56.97951223,38.17680439,86.2963388,52.36607717,63.03667888,32.55708992,64.36588964,43.11745961,100.867517,33.82523407,88.82046474,60.89964938,66.74139061,81.99591658,0.581066524,13.31598266,44.95071908,29.28226706,93.56767288,0,32.64532113,0.098862728,0.59234322,77.7249947,47.61218647,22.35649979,0.224452114,20.0143108,0.187036519,107.3800318,45.19639222,12.7404926,0.297410808
ctx-rh-posteriorcingulate,0,0,0,0,0,0,0,0,0,0,0,0,0,0,0,0,0,0,0,0,0,0,0,0,0,0,0,0,0,0,0,0,0,0,142.9833877,0.099613192,55.10967093,47.77954585,70.58706671,69.33845977,91.70474566,86.41310596,0.252939804,95.94773619,81.92480012,42.19598313,62.57914832,118.3927229,41.04730232,0.21731457,101.2569623,119.2625234,113.9133316,47.85759645,32.64532113,0,28.43468505,0.33216739,33.05919977,57.98587027,0.18233011,33.53096606,108.9606884,85.27518825,90.05253444,97.72790213,140.8591371,96.93228111
ctx-rh-precentral,0,0,0,0,0,0,0,0,0,0,0,0,0,0,0,0,0,0,0,0,0,0,0,0,0,0,0,0,0,0,0,0,0,0,76.89407252,40.62804565,0.066175827,98.87910462,52.11021032,62.82376815,74.13313021,64.1529789,49.89906043,115.7639002,21.65161021,95.76053251,60.18320117,68.86357007,81.74278627,0.423201801,0.173163613,33.04893144,15.96171466,100.5077406,0.098862728,28.43468505,0,12.80245348,76.43944594,6.510302228,0.111957844,14.72228454,30.02632133,16.50279783,104.6464643,44.98348149,27.39918831,0.207336435
ctx-rh-precuneus,0,0,0,0,0,0,0,0,0,0,0,0,0,0,0,0,0,0,0,0,0,0,0,0,0,0,0,0,0,0,0,0,0,0,105.8518871,44.45599266,70.25714219,0.217301163,45.77779448,44.46568038,35.1490379,61.58622255,0.143899513,29.57793455,87.83083743,0.312490085,103.2449953,93.58345071,13.50330255,0.236356362,112.8230104,116.5300401,120.570359,0.216426003,0.59234322,0.33216739,12.80245348,0,78.91026179,101.6242364,32.93560661,0.249124511,84.1514162,51.96411189,135.7214729,72.9186299,121.1690144,77.8709158
ctx-rh-rostralanteriorcingulate,0,0,0,0,0,0,0,0,0,0,0,0,0,0,0,0,0,0,0,0,0,0,0,0,0,0,0,0,0,0,0,0,0,0,119.3451488,0.098465455,56.6965743,115.2451482,44.70727005,57.43753418,133.2182795,58.87055559,67.52166882,146.4222387,14.80180589,103.8768136,0.272300123,69.61391585,75.27989904,57.9375608,72.44719784,52.1138887,63.47066553,115.3231988,77.7249947,33.05919977,76.43944594,78.91026179,0,40.15910439,0.244875843,110.6391718,42.61001754,89.14894859,28.53536927,40.9763265,73.71050239,29.78364641
ctx-rh-rostralmiddlefrontal,0,0,0,0,0,0,0,0,0,0,0,0,0,0,0,0,0,0,0,0,0,0,0,0,0,0,0,0,0,0,0,0,0,0,134.9867717,47.08632758,0.25309716,149.9755072,70.00896706,82.08232466,126.6370528,83.50008927,102.3247068,171.0699123,0.250685599,129.0726812,13.16800223,93.69034065,100.4757666,67.46442195,0.274428948,0.354068086,0.131702861,150.0535577,47.61218647,57.98587027,6.510302228,101.6242364,40.15910439,0,0.235100768,103.5659189,64.9237263,70.45579524,0.296233756,65.13984034,89.52535478,46.0878179
ctx-rh-superiorfrontal,0,0,0,0,0,0,0,0,0,0,0,0,0,0,0,0,0,0,0,0,0,0,0,0,0,0,0,0,0,0,0,0,0,0,134.6322778,0.130968779,0.179354668,78.95370525,77.65643506,90.38669919,99.72985798,91.81972061,31.88006677,127.1218956,24.50203001,74.14344883,0.149214727,102.5612121,73.5417109,0.340674911,45.26374198,35.12046529,43.38152704,79.03175585,22.35649979,0.18233011,0.111957844,32.93560661,0.244875843,0.235100768,0,36.19894426,75.55731379,77.65045223,0.777858169,73.92362276,106.6528201,62.72596413
ctx-rh-superiorparietal,0,0,0,0,0,0,0,0,0,0,0,0,0,0,0,0,0,0,0,0,0,0,0,0,0,0,0,0,0,0,0,0,0,0,53.68013009,69.86100189,72.19882468,0.545910741,92.90693638,74.38623503,0.186334651,76.18696762,37.88064881,0.189144689,126.291554,33.69503418,138.7645473,59.35413945,61.90729979,3.144327397,93.49099725,138.0621933,112.8583671,21.54172207,0.224452114,33.53096606,14.72228454,0.249124511,110.6391718,103.5659189,36.19894426,0,50.41385728,0.314495602,160.7713677,120.0477718,69.32677544,72.20770634
ctx-rh-superiortemporal,0,0,0,0,0,0,0,0,0,0,0,0,0,0,0,0,0,0,0,0,0,0,0,0,0,0,0,0,0,0,0,0,0,0,0.401176537,75.03135836,99.46327417,98.27469491,11.33149013,19.25388939,7.906141793,16.60597357,68.36000229,60.83316935,11.02955206,67.77766834,25.6914794,0.167556865,39.18075375,105.7430717,34.9247674,34.08559982,35.92353621,97.37871302,20.0143108,108.9606884,30.02632133,84.1514162,42.61001754,64.9237263,75.55731379,50.41385728,0,0.377728771,74.76439311,0.491611379,0.165832814,0.098516371
ctx-rh-supramarginal,0,0,0,0,0,0,0,0,0,0,0,0,0,0,0,0,0,0,0,0,0,0,0,0,0,0,0,0,0,0,0,0,0,0,0.408910795,115.2425789,70.44893292,90.79513986,63.73350474,74.36973159,0.232807591,64.14216412,94.71561377,67.29796869,49.96419094,121.9258839,72.32360327,30.34156879,93.32896929,53.48473079,29.50588921,61.0527704,45.61377219,117.5314134,0.187036519,85.27518825,16.50279783,51.96411189,89.14894859,70.45579524,77.65045223,0.314495602,0.377728771,0,118.8048886,56.52944492,0.595765452,0.22689653
ctx-rh-frontalpole,0,0,0,0,0,0,0,0,0,0,0,0,0,0,0,0,0,0,0,0,0,0,0,0,0,0,0,0,0,0,0,0,0,0,150.0664275,51.89100758,85.9497591,169.3204456,79.75970489,91.83306249,163.9395582,93.2508271,124.4139472,180.8206501,0.460553571,138.8234191,0.26784449,103.4410785,110.2265045,109.7222249,85.3130433,16.28812042,48.88434438,168.4244637,107.3800318,90.05253444,104.6464643,135.7214729,28.53536927,0.296233756,0.777858169,160.7713677,74.76439311,118.8048886,0,74.89057817,104.4316883,60.74112132
ctx-rh-temporalpole,0,0,0,0,0,0,0,0,0,0,0,0,0,0,0,0,0,0,0,0,0,0,0,0,0,0,0,0,0,0,0,0,0,0,82.35313375,73.39766732,107.3704095,87.04190861,0.405474436,0.250990432,97.11101981,0.248666392,57.12721599,89.15924291,8.877947913,56.54488204,24.05778837,0.497051423,27.32258279,118.2424842,43.36882345,36.08052169,39.88768882,86.14592672,45.19639222,97.72790213,44.98348149,72.9186299,40.9763265,65.13984034,73.92362276,120.0477718,0.491611379,56.52944492,74.89057817,0,39.39882763,0.537338847
ctx-rh-transversetemporal,0,0,0,0,0,0,0,0,0,0,0,0,0,0,0,0,0,0,0,0,0,0,0,0,0,0,0,0,0,0,0,0,0,0,38.09932526,106.1318432,93.82756596,135.2922931,46.79755103,57.23911429,47.69866623,58.56832504,105.3776005,104.0380534,41.32135948,104.7952666,56.86860647,30.80952847,76.19835199,120.2351466,38.17657526,62.81828782,54.26808304,134.3963113,12.7404926,140.8591371,27.39918831,121.1690144,73.71050239,89.52535478,106.6528201,69.32677544,0.165832814,0.595765452,104.4316883,39.39882763,0,0.207810688
ctx-rh-insula,0,0,0,0,0,0,0,0,0,0,0,0,0,0,0,0,0,0,0,0,0,0,0,0,0,0,0,0,0,0,0,0,0,0,46.95613528,62.20498723,64.23380024,91.9941945,3.562305373,14.69109528,55.31538518,16.12411669,62.07950188,103.6757998,0.144483877,61.49716794,12.9335159,26.97996076,32.90025335,119.6952958,0.105600417,6.310088559,0.25880207,91.09821262,0.297410808,96.93228111,0.207336435,77.8709158,29.78364641,46.0878179,62.72596413,72.20770634,0.098516371,0.22689653,60.74112132,0.537338847,0.207810688,0